date,cases,deaths,recovered,active,tests,tests_new,hospitalized,critical,discharged,cases_mean_age,cases_ratio_female,deaths_median_age,deaths_mean_age,deaths_min_age,deaths_max_age,deaths_ratio_female,deaths_ratio_hospital,deaths_transfer,critical_transfer,hospitalized_transfer,reproduction_rate,state,source
2020-03-01T17:00:00,1,0,0,1,,,,,0,,,,,,,,,,,,,import,
2020-03-05T17:30:00,2,0,,,,,,,,,,,,,,,,,,,,import,
2020-03-06T18:15:00,3,0,,,,,,,,,,,,,,,,,,,,import,
2020-03-07T20:00:00,4,0,,,,,,,,,,,,,,,,,,,,import,
2020-03-08T19:00:00,5,0,,,,,,,,,,,,,,,,,,,,import,
2020-03-10T19:00:00,7,0,,,,,,,,,,,,,,,,,,,,import,
2020-03-12T10:00:00,19,0,,,,,,,,,,,,,,,,,,,,local,
2020-03-12T19:00:00,26,0,,,,400,,,,,,,,,,,,,,,,local,
2020-03-13T17:00:00,34,1,,,,,,,,,,,,,,,,,,,,local,
2020-03-13T21:00:00,38,1,,,,500,,,,,,,,,,,,,,,,local,
2020-03-14T12:00:00,51,1,,,,,,,,,,,,,,,,,,,,local,
2020-03-15T08:00:00,59,1,,,,,,,,,,,,,,,,,,,,local,
2020-03-15T18:00:00,77,1,,,,,,,,,,,,,,,,,,,,local,
2020-03-16T09:00:00,81,1,,,,,9,1,,,,,,,,,,,,,,local,
2020-03-17T09:00:00,140,1,,,,,,,,,,,,,,,,,,,,local,
2020-03-18T09:00:00,203,2,,,,,,,,,,,,,,,,,,,,local,
2020-03-19T09:00:00,335,4,6,,,750,14,4,6,,,,,,,,,,,,,local,
2020-03-20T09:00:00,484,4,,,,,,,,,,,,,,,,,,,,local,
2020-03-20T14:00:00,,5,,,,1500,19,3,,,,,,,,,,,,,,local,
2020-03-21T12:00:00,670,8,,,,,,,,,,,,,,,,,,,,local,
2020-03-21T16:00:00,,,,,,,29,3,,,,,,,,,,,,,,local,
2020-03-22T10:15:00,798,8,,,,,34,3,,,,,,,,,,,,,,local,
2020-03-22T17:00:00,,,,,,,93,5,,,,,,,,,,,,,,local,paperjam
2020-03-23T17:30:00,875,8,,,,,,,,,,,,,,,,,,,,local,official
2020-03-23T19:00:00,,,,,8000,,,,,,,,,,,,,,,,,local,rtl
2020-03-24T17:30:00,1099,8,,,,,,,,,,,,,,,,,,,,local,official
2020-03-24T19:00:00,,,,,,1500,,,,,,,,,,,,,,,,local,rtl
2020-03-25T16:00:00,1333,8,,,10000,,143,21,,,,,,,,,,,,,,local,official
2020-03-26T17:45:00,1453,9,,,,,,,,,,,,,,,,,,,,local,official
2020-03-27T16:30:00,1605,14,40,,13738,,148,25,40,46.0,0.46,,80.0,53,,,,,,,,local,official
2020-03-28T17:30:00,1831,17,,,,,,,,,,,,,,,,,,,,local,official
2020-03-29T17:30:00,1950,20,,,15891,,,,,,,,,,,,,,,,,local,official
2020-03-30T15:00:00,1988,22,80,,16199,308,202,31,80,,,,,,,,,,,,,local,official
2020-03-31T17:45:00,2178,23,,,17511,1312,,,,,,,,,,,,,,,,local,official
2020-04-01T17:45:00,2319,29,,,18690,1179,,,,,,,,,,,,,,,,local,official
2020-04-02T17:45:00,2487,30,,,20092,1402,,,,,,,,,,,,,,,,local,official
2020-04-03T17:30:00,2612,31,500,,21463,1371,232,33,174,46.0,0.49,86.0,,,,,,1,10,10,,local,official
2020-04-04T18:00:00,2729,31,,,22793,1330,230,35,190,46.0,0.49,86.0,,,,,,1,10,10,,local,official
2020-04-05T17:30:00,2804,36,,,23687,894,233,33,241,46.0,0.49,86.0,,,,,,1,10,10,,local,official
2020-04-06T17:30:00,2843,41,,,24291,604,223,32,253,46.0,0.49,86.0,,,,,,1,10,10,,local,official
2020-04-07T17:30:00,2970,44,,,25702,1411,231,35,310,46.0,0.4973,86.0,,,,,,1,10,10,,local,official
2020-04-08T17:35:00,3034,46,,,26573,871,231,34,354,46.0,0.496,86.0,,,,,,1,10,10,,local,official
2020-04-09T17:35:00,3115,52,,,27521,948,220,30,374,46.0,0.496,87.0,84.0,,,,,1,10,10,,local,official
2020-04-10T17:40:00,3223,54,,,28273,752,234,32,412,46.0,0.495,87.0,,,,,,1,10,10,,local,official
2020-04-11T18:35:00,3270,62,,,28965,692,210,33,444,46.0,0.495,87.0,,,,,,1,10,10,,local,official
2020-04-12T17:35:00,3281,66,,,29165,200,214,31,465,46.0,0.495,85.0,,,,,,1,10,10,,local,official
2020-04-13T18:00:00,3292,67,,,29315,150,211,33,467,46.0,0.495,85.0,,,,,,1,10,10,,local,official
2020-04-14T20:10:00,3307,67,,,29523,208,192,31,486,46.0,0.495,85.0,,,,,,1,9,9,,local,official
2020-04-15T18:15:00,3373,68,,,30723,1200,191,33,526,46.0,0.495,84.0,,,,,,1,9,9,,local,official
2020-04-16T18:30:00,3444,68,,,31660,937,205,35,552,46.0,0.494,85.0,83.0,53,96,0.43,0.65,1,9,9,,local,official
2020-04-17T18:10:00,3480,72,,,32394,734,178,29,579,46.0,0.495,84.5,,,,0.443,0.671,1,9,9,,local,official
2020-04-18T17:30:00,3537,72,,,33252,858,180,32,601,46.0,0.493,84.5,,,,0.443,0.671,1,9,9,,local,official
2020-04-19T17:30:00,3550,73,,,33666,414,181,31,627,46.0,0.493,85.0,,,,0.467,0.600,1,9,9,,local,official
2020-04-20T17:30:00,3558,75,,,33798,132,185,32,637,46.0,0.493,85.0,,,,0.453,0.680,1,8,8,,local,official
2020-04-21T17:50:00,3618,78,,,34962,1164,185,32,670,46.0,0.491,85.0,83.0,,,0.449,0.679,1,7,7,,local,official
2020-04-22T18:35:00,3654,80,,,36087,1125,172,29,711,46.0,0.489,85.0,83.0,,,0.432,0.654,1,7,7,,local,official
2020-04-23T17:35:00,3665,83,,,36891,804,165,27,728,46.0,0.489,85.0,83.0,,,0.440,0.659,1,6,6,,local,official
2020-04-24T17:55:00,3695,85,3007,603,37782,891,163,25,760,46.0,0.490,85.0,83.0,,,0.453,0.667,1,5,5,,local,official
2020-04-25T17:55:00,3711,85,3088,538,38514,732,163,26,780,46.0,0.490,85.0,84.0,,,0.442,0.655,1,5,5,,local,official
2020-04-26T17:30:00,3723,88,3104,531,39003,489,146,22,788,46.0,0.490,85.0,83.0,,,0.473,0.667,1,5,5,,local,official
2020-04-27T17:30:00,3729,88,3123,518,39102,99,141,20,790,46.0,0.490,84.0,83.0,,,0.438,0.674,1,5,5,,local,official
2020-04-28T17:55:00,3741,89,3121,531,39741,639,131,19,804,46.0,0.490,84.5,83.0,,,0.438,0.663,1,5,5,,local,official
2020-04-29T17:35:00,3769,89,3134,546,41758,2017,136,21,810,46.0,0.490,84.0,83.0,,,0.438,0.663,1,3,3,,local,official
2020-04-30T17:45:00,3784,90,3213,481,42643,885,124,23,829,46.0,0.489,84.5,83.0,,,0.433,0.656,1,3,3,,local,official
2020-05-01T17:25:00,3802,92,3267,443,44895,2252,109,22,841,46.0,0.489,85.0,84.0,,,,,1,3,3,,local,official
2020-05-02T17:25:00,3812,92,3318,402,47460,2565,121,23,845,46.0,0.489,85.0,84.0,,,0.440,0.648,1,3,3,,local,official
2020-05-03T17:30:00,3824,96,3379,349,48118,658,115,22,850,46.0,0.489,85.0,84.0,,,0.453,0.632,1,3,3,,local,official
2020-05-04T17:30:00,3828,96,3405,327,48339,221,113,21,851,46.0,0.489,85.0,84.0,,,0.453,0.632,1,3,3,,local,official
2020-05-05T17:40:00,3840,96,3412,332,49299,960,111,22,856,46.0,0.489,85.0,84.0,,,0.454,0.639,1,3,3,,local,official
2020-05-06T17:30:00,3851,98,3452,301,50533,1234,118,20,860,46.0,0.489,85.0,83.0,,,0.45,0.64,1,3,3,,local,official
2020-05-07T18:04:00,3859,100,3505,255,51883,1350,111,21,868,46.0,0.4889,85.0,83.0,,,0.44,0.64,1,3,3,0.995,local,official
2020-05-08T17:35:00,3871,100,3526,245,53257,1374,95,16,873,46.0,0.4883,84.5,83.0,,,0.44,0.64,1,3,3,0.995,local,official
2020-05-09T17:30:00,3877,101,3550,226,54463,1206,102,15,874,46.0,0.4883,84.0,83.0,,,0.44,0.64,1,3,3,0.995,local,official
2020-05-10T17:30:00,3886,101,3586,199,55250,787,92,14,879,46.0,0.4883,84.0,83.0,,,0.44,0.65,1,3,3,0.995,local,official
2020-05-11T17:30:00,3888,101,3602,185,55415,165,86,18,883,46.0,0.4890,84.0,83.0,,,0.44,0.65,1,3,3,0.995,local,official
