date,date_published,cases,cases_new,cases_dT,cases_growth,cases_doubling_d,cases_mean_age,cases_ratio_female,cases_residents,cases_nonresidents,deaths,deaths_new,deaths_dT,deaths_growth,deaths_doubling_d,deaths_median_age,deaths_mean_age,deaths_min_age,deaths_max_age,deaths_ratio_female,deaths_ratio_hospital,recovered,recovered_new,active,active_change,tests,tests_new,tests_new_ratio_positive,tests_residents,tests_nonresidents,hospitalized,hospitalized_change,critical,critical_change,discharged,discharged_new,hospitalized_transfer,hospitalized_transfer_change,critical_transfer,critical_transfer_change,deaths_transfer,deaths_transfer_new,reproduction_number,reproduction_number_effective,days_1c,days_10c,days_100c,days_10d
2020-02-29,2020-03-01T17:00:00.000+01:00,1,1,,,,,,,,0,0,,,,,,,,,,0,,1,,,,,,,,,,,0,0,,,,,,,,,0,-11,-16,-26
2020-03-01,,1,0,,,,,,,,0,0,,,,,,,,,,,,,,,,,,,,,,,,,,,,,,,,,1,-10,-15,-25
2020-03-02,,1,0,,,,,,,,0,0,,,,,,,,,,,,,,,,,,,,,,,,,,,,,,,,,2,-9,-14,-24
2020-03-03,,1,0,,,,,,,,0,0,,,,,,,,,,,,,,,,,,,,,,,,,,,,,,,,,3,-8,-13,-23
2020-03-04,2020-03-05T17:30:00.000+01:00,2,1,4,0.1892,4.0,,,,,0,0,,,,,,,,,,,,,,,,,,,,,,,,,,,,,,,,,4,-7,-12,-22
2020-03-05,2020-03-06T18:15:00.000+01:00,3,1,1,0.5,1.71,,,,,0,0,,,,,,,,,,,,,,,,,,,,,,,,,,,,,,,,,5,-6,-11,-21
2020-03-06,2020-03-07T20:00:00.000+01:00,4,1,1,0.3333,2.41,,,,,0,0,,,,,,,,,,,,,,,,,,,,,,,,,,,,,,,,,6,-5,-10,-20
2020-03-07,2020-03-08T19:00:00.000+01:00,5,1,1,0.25,3.11,,,,,0,0,,,,,,,,,,,,,,,,,,,,,,,,,,,,,,,,,7,-4,-9,-19
2020-03-08,,5,0,,,,,,,,0,0,,,,,,,,,,,,,,,,,,,,,,,,,,,,,,,,,8,-3,-8,-18
2020-03-09,2020-03-10T19:00:00.000+01:00,7,2,2,0.1832,4.12,,,,,0,0,,,,,,,,,,,,,,,,,,,,,,,,,,,,,,,,,9,-2,-7,-17
2020-03-10,,7,0,,,,,,,,0,0,,,,,,,,,,,,,,,,,,,,,,,,,,,,,,,,,10,-1,-6,-16
2020-03-11,2020-03-12T19:00:00.000+01:00,26,19,2,0.9272,1.06,,,,,0,0,,,,,,,,,,,,,,,400,0.048,,,,,,,,,,,,,,,,,11,0,-5,-15
2020-03-12,2020-03-13T21:00:00.000+01:00,38,12,1,0.4615,1.83,,,,,1,1,,,,,,,,,,,,,,,500,0.024,,,,,,,,,,,,,,,,,12,1,-4,-14
2020-03-13,2020-03-14T12:00:00.000+01:00,51,13,1,0.3421,2.36,,,,,1,0,,,,,,,,,,,,,,,,,,,,,,,,,,,,,,,,,13,2,-3,-13
2020-03-14,2020-03-15T18:00:00.000+01:00,77,26,1,0.5098,1.68,,,,,1,0,,,,,,,,,,,,,,,,,,,,,,,,,,,,,,,,,14,3,-2,-12
2020-03-15,2020-03-16T09:00:00.000+01:00,81,4,1,0.0519,13.69,,,,,1,0,,,,,,,,,,,,,,,,,,,9,,1,,,,,,,,,,,,15,4,-1,-11
2020-03-16,2020-03-17T09:00:00.000+01:00,140,59,1,0.7284,1.27,,,,,1,0,,,,,,,,,,,,,,,,,,,,,,,,,,,,,,,,,16,5,0,-10
2020-03-17,2020-03-18T09:00:00.000+01:00,203,63,1,0.45,1.87,,,,,2,1,5,0.1487,5.0,,,,,,,,,,,,,,,,,,,,,,,,,,,,,,17,6,1,-9
2020-03-18,2020-03-19T09:00:00.000+01:00,335,132,1,0.6502,1.38,,,,,4,2,1,1.0,1.0,,,,,,,6,,,,,750,0.176,,,14,,4,,6,,,,,,,,,,18,7,2,-8
2020-03-19,2020-03-20T14:00:00.000+01:00,484,149,1,0.4448,1.88,,,,,5,1,1,0.25,3.11,,,,,,,,,,,,1500,0.099,,,19,5,3,-1,,,,,,,,,,,19,8,3,-7
2020-03-20,2020-03-21T16:00:00.000+01:00,670,186,1,0.3843,2.13,,,,,8,3,1,0.6,1.47,,,,,,,,,,,,,,,,29,10,3,0,,,,,,,,,,,20,9,4,-6
2020-03-21,2020-03-22T17:00:00.000+01:00,798,128,1,0.191,3.96,,,,,8,0,,,,,,,,,,,,,,,,,,,93,64,5,2,,,,,,,,,,,21,10,5,-5
2020-03-22,2020-03-23T19:00:00.000+01:00,875,77,1,0.0965,7.52,,,,,8,0,,,,,,,,,,,,,,8000,,,,,,,,,,,,,,,,,,,22,11,6,-4
2020-03-23,2020-03-24T19:00:00.000+01:00,1099,224,1,0.256,3.04,,,,,8,0,,,,,,,,,,,,,,,1500,0.149,,,,,,,,,,,,,,,,,23,12,7,-3
2020-03-24,2020-03-25T16:00:00.000+01:00,1333,234,1,0.2129,3.59,,,,,8,0,,,,,,,,,,,,,,10000,,,,,143,,21,,,,,,,,,,,,24,13,8,-2
2020-03-25,2020-03-26T17:45:00.000+01:00,1453,120,1,0.09,8.04,,,,,9,1,5,0.0238,29.42,,,,,,,,,,,,,,,,,,,,,,,,,,,,,,25,14,9,-1
2020-03-26,2020-03-27T16:30:00.000+01:00,1605,152,1,0.1046,6.97,46.0,0.46,,,14,5,1,0.5556,1.57,,80.0,53,,,,40,,,,13738,,,,,148,,25,,40,,,,,,,,,,26,15,10,0
2020-03-27,2020-03-28T17:30:00.000+01:00,1831,226,1,0.1408,5.26,,,,,17,3,1,0.2143,3.57,,,,,,,,,,,,,,,,,,,,,,,,,,,,,,27,16,11,1
2020-03-28,2020-03-29T17:30:00.000+02:00,1950,119,1,0.065,11.01,,,,,20,3,1,0.1765,4.27,,,,,,,,,,,15891,,,,,,,,,,,,,,,,,,,28,17,12,2
2020-03-29,2020-03-30T15:00:00.000+02:00,1988,38,1,0.0195,35.91,,,1733,255,22,2,1,0.1,7.27,,,,,,,80,,,,16199,308,0.123,,,202,,31,,80,,,,,,,,,,29,18,13,3
2020-03-30,2020-03-31T17:45:00.000+02:00,2178,190,1,0.0956,7.59,,,,,23,1,1,0.0455,15.59,,,,,,,,,,,17511,1312,0.145,,,,,,,,,,,,,,,,,30,19,14,4
2020-03-31,2020-04-01T17:45:00.000+02:00,2319,141,1,0.0647,11.05,,,1922,327,29,6,1,0.2609,2.99,,,,,,,,,,,18690,1179,0.12,,,,,,,,,,,,,,,,,31,20,15,5
2020-04-01,2020-04-02T17:45:00.000+02:00,2487,168,1,0.0724,9.91,,,2099,388,30,1,1,0.0345,20.45,,,,,,,,,,,20092,1402,0.12,,,,,,,,,,,,,,,,,32,21,16,6
2020-04-02,2020-04-03T17:30:00.000+02:00,2612,125,1,0.0503,14.13,46.0,0.49,2201,401,31,1,1,0.0333,21.14,86.0,,,,,,500,,,,21463,1371,0.091,17925,3538,242,,43,,174,,10,,10,,1,,,,33,22,17,7
2020-04-03,2020-04-04T18:00:00.000+02:00,2729,117,1,0.0448,15.82,46.0,0.49,2291,438,31,0,,,,86.0,,,,,,,,,,22793,1330,0.088,18966,3827,240,-2,45,2,190,16,10,0,10,0,1,0,,,34,23,18,8
2020-04-04,2020-04-05T17:30:00.000+02:00,2804,75,1,0.0275,25.57,46.0,0.49,2351,453,36,5,2,0.0776,9.27,86.0,,,,,,,,,,23687,894,0.084,19689,3998,243,3,43,-2,241,51,10,0,10,0,1,0,,,35,24,19,9
2020-04-05,2020-04-06T17:30:00.000+02:00,2843,39,1,0.0139,50.18,46.0,0.49,2384,459,41,5,1,0.1389,5.33,86.0,,,,,,,,,,24291,604,0.065,20112,4179,233,-10,42,-1,253,12,10,0,10,0,1,0,,,36,25,20,10
2020-04-06,2020-04-07T17:30:00.000+02:00,2970,127,1,0.0447,15.86,46.0,0.4973,2478,492,44,3,1,0.0732,9.82,86.0,,,,,,,,,,25702,1411,0.09,21209,4493,241,8,45,3,310,57,10,0,10,0,1,0,,,37,26,21,11
2020-04-07,2020-04-08T17:35:00.000+02:00,3034,64,1,0.0215,32.51,46.0,0.496,2524,510,46,2,1,0.0455,15.59,86.0,,,,,,,,,,26573,871,0.073,21892,4681,241,0,44,-1,354,44,10,0,10,0,1,0,,,38,27,22,12
2020-04-08,2020-04-09T17:35:00.000+02:00,3115,81,1,0.0267,26.31,46.0,0.496,2594,521,52,6,1,0.1304,5.65,87.0,84.0,,,,,,,,,27521,948,0.085,22650,4871,230,-11,40,-4,374,20,10,0,10,0,1,0,,,39,28,23,13
2020-04-09,2020-04-10T17:40:00.000+02:00,3223,108,1,0.0347,20.34,46.0,0.495,2644,579,54,2,1,0.0385,18.37,87.0,,,,,,,,,,28273,752,0.144,23211,5062,244,14,42,2,412,38,10,0,10,0,1,0,,,40,29,24,14
2020-04-10,2020-04-11T18:35:00.000+02:00,3270,47,1,0.0146,47.88,46.0,0.495,2679,591,62,8,1,0.1481,5.02,87.0,,,,,,,,,,28965,692,0.068,23724,5241,220,-24,43,1,444,32,10,0,10,0,1,0,,,41,30,25,15
2020-04-11,2020-04-12T17:35:00.000+02:00,3281,11,1,0.0034,206.4,46.0,0.495,2685,596,66,4,1,0.0645,11.09,85.0,,,,,,,,,,29165,200,0.055,23873,5292,224,4,41,-2,465,21,10,0,10,0,1,0,,,42,31,26,16
2020-04-12,2020-04-13T18:00:00.000+02:00,3292,11,1,0.0034,207.09,46.0,0.495,2694,598,67,1,1,0.0152,46.09,85.0,,,,,,,,,,29315,150,0.073,24000,5315,221,-3,43,2,467,2,10,0,10,0,1,0,,,43,32,27,17
2020-04-13,2020-04-14T20:10:00.000+02:00,3307,15,1,0.0046,152.47,46.0,0.495,2707,600,67,0,,,,85.0,,,,,,,,,,29523,208,0.072,24177,5346,201,-20,40,-3,486,19,9,-1,9,-1,1,0,,,44,33,28,18
2020-04-14,2020-04-15T18:15:00.000+02:00,3373,66,1,0.02,35.08,46.0,0.495,2760,613,68,1,2,0.0074,93.57,84.0,,,,,,,,,,30723,1200,0.055,25060,5663,200,-1,42,2,526,40,9,0,9,0,1,0,,,45,34,29,19
2020-04-15,2020-04-16T18:30:00.000+02:00,3444,71,1,0.021,33.27,46.0,0.494,2830,614,68,0,,,,85.0,83.0,53,96,0.43,0.65,,,,,31660,937,0.076,25797,5863,214,14,44,2,552,26,9,0,9,0,1,0,,,46,35,30,20
2020-04-16,2020-04-17T18:10:00.000+02:00,3480,36,1,0.0105,66.66,46.0,0.495,2858,622,72,4,2,0.029,24.25,84.5,,,,0.443,0.671,,,,,32394,734,0.049,26395,5999,187,-27,38,-6,579,27,9,0,9,0,1,0,,,47,36,31,21
2020-04-17,2020-04-18T17:30:00.000+02:00,3537,57,1,0.0164,42.66,46.0,0.493,2907,630,72,0,,,,84.5,,,,0.443,0.671,,,,,33252,858,0.066,27102,6150,189,2,41,3,601,22,9,0,9,0,1,0,,,48,37,32,22
2020-04-18,2020-04-19T17:30:00.000+02:00,3550,13,1,0.0037,188.94,46.0,0.493,2917,633,73,1,2,0.0069,100.5,85.0,,,,0.467,0.6,,,,,33666,414,0.031,27429,6237,190,1,40,-1,627,26,9,0,9,0,1,0,,,49,38,33,23
2020-04-19,2020-04-20T17:30:00.000+02:00,3558,8,1,0.0023,307.93,46.0,0.493,2921,637,75,2,1,0.0274,25.64,85.0,,,,0.453,0.68,,,,,33798,132,0.061,27532,6266,193,3,40,0,637,10,8,-1,8,-1,1,0,,,50,39,34,24
2020-04-20,2020-04-21T17:50:00.000+02:00,3618,60,1,0.0169,41.45,46.0,0.491,2951,667,78,3,1,0.04,17.67,85.0,83.0,,,0.449,0.679,,,,,34962,1164,0.052,28380,6582,192,-1,39,-1,670,33,7,-1,7,-1,1,0,,,51,40,35,25
2020-04-21,2020-04-22T18:35:00.000+02:00,3654,36,1,0.01,70.01,46.0,0.489,2973,681,80,2,1,0.0256,27.38,85.0,83.0,,,0.432,0.654,,,,,36087,1125,0.032,29232,6855,179,-13,36,-3,711,41,7,0,7,0,1,0,,,52,41,36,26
2020-04-22,2020-04-23T17:35:00.000+02:00,3665,11,1,0.003,230.6,46.0,0.489,2979,686,83,3,1,0.0375,18.83,85.0,83.0,,,0.44,0.659,,,,,36891,804,0.014,29836,7005,171,-8,33,-3,728,17,6,-1,6,-1,1,0,,,53,42,37,27
2020-04-23,2020-04-24T17:55:00.000+02:00,3695,30,1,0.0082,85.03,46.0,0.49,2998,697,85,2,1,0.0241,29.11,85.0,83.0,,,0.453,0.667,3007,,603,,37782,891,0.034,30414,7368,168,-3,30,-3,760,32,5,-1,5,-1,1,0,,,54,43,38,28
2020-04-24,2020-04-25T17:55:00.000+02:00,3711,16,1,0.0043,160.42,46.0,0.49,3007,704,85,0,,,,85.0,84.0,,,0.442,0.655,3088,81,538,-65,38514,732,0.022,31067,7447,168,0,31,1,780,20,5,0,5,0,1,0,,,55,44,39,29
2020-04-25,2020-04-26T17:30:00.000+02:00,3723,12,1,0.0032,214.7,46.0,0.49,3017,706,88,3,2,0.0175,39.97,85.0,83.0,,,0.473,0.667,3104,16,531,-7,39003,489,0.025,31452,7551,151,-17,27,-4,788,8,5,0,5,0,1,0,,,56,45,40,30
2020-04-26,2020-04-27T17:30:00.000+02:00,3729,6,1,0.0016,430.44,46.0,0.49,3020,709,88,0,,,,84.0,83.0,,,0.438,0.674,3123,19,518,-13,39102,99,0.061,31516,7589,146,-5,25,-2,790,2,5,0,5,0,1,0,,,57,46,41,31
2020-04-27,2020-04-28T17:55:00.000+02:00,3741,12,1,0.0032,215.74,46.0,0.49,3034,707,89,1,2,0.0057,122.69,84.5,83.0,,,0.438,0.663,3121,-2,531,13,39741,639,0.019,31954,7787,136,-10,24,-1,804,14,5,0,5,0,1,0,,,58,47,42,32
2020-04-28,2020-04-29T17:35:00.000+02:00,3769,28,1,0.0075,92.96,46.0,0.49,3050,719,89,0,,,,84.0,83.0,,,0.438,0.663,3134,13,546,15,41758,2017,0.014,32569,9189,139,3,24,0,810,6,3,-2,3,-2,1,0,,,59,48,43,33
2020-04-29,2020-04-30T17:45:00.000+02:00,3784,15,1,0.004,174.51,46.0,0.489,3062,722,90,1,2,0.0056,124.07,84.5,83.0,,,0.433,0.656,3213,79,481,-65,42643,885,0.017,33257,9386,127,-12,26,2,829,19,3,0,3,0,1,0,,,60,49,44,34
2020-04-30,2020-05-01T17:25:00.000+02:00,3802,18,1,0.0048,146.06,46.0,0.489,3080,722,92,2,1,0.0222,31.54,85.0,84.0,,,,,3267,54,443,-38,44895,2252,0.008,34368,10527,112,-15,25,-1,841,12,3,0,3,0,1,0,,,61,50,45,35
2020-05-01,2020-05-02T17:25:00.000+02:00,3812,10,1,0.0026,263.88,46.0,0.489,3095,717,92,0,,,,85.0,84.0,,,0.44,0.648,3318,51,402,-41,47460,2565,0.004,37548,9912,124,12,26,1,845,4,3,0,3,0,1,0,,,62,51,46,36
2020-05-02,2020-05-03T17:30:00.000+02:00,3824,12,1,0.0031,220.54,46.0,0.489,3097,727,96,4,2,0.0215,32.57,85.0,84.0,,,0.453,0.632,3379,61,349,-53,48118,658,0.018,37693,10425,118,-6,25,-1,850,5,3,0,3,0,1,0,,,63,52,47,37
2020-05-03,2020-05-04T17:30:00.000+02:00,3828,4,1,0.001,663.0,46.0,0.489,3104,724,96,0,,,,85.0,84.0,,,0.453,0.632,3405,26,327,-22,48339,221,0.018,38366,9973,116,-2,24,-1,851,1,3,0,3,0,1,0,,,64,53,48,38
2020-05-04,2020-05-05T17:40:00.000+02:00,3840,12,1,0.0031,221.46,46.0,0.489,3115,725,96,0,,,,85.0,84.0,,,0.454,0.639,3412,7,332,5,49299,960,0.012,39003,10296,114,-2,25,1,856,5,3,0,3,0,1,0,,,65,54,49,39
2020-05-05,2020-05-06T17:30:00.000+02:00,3851,11,1,0.0029,242.32,46.0,0.489,3123,728,98,2,3,0.0069,100.85,85.0,83.0,,,0.45,0.64,3452,40,301,-31,50533,1234,0.009,39968,10565,121,7,23,-2,860,4,3,0,3,0,1,0,,,66,55,50,40
2020-05-06,2020-05-07T18:04:00.000+02:00,3859,8,1,0.0021,334.01,46.0,0.4889,3130,729,100,2,1,0.0204,34.31,85.0,83.0,,,0.44,0.64,3505,53,255,-46,51883,1350,0.006,40998,10885,114,-7,24,1,868,8,3,0,3,0,1,0,0.995,,67,56,51,41
2020-05-07,2020-05-08T17:35:00.000+02:00,3871,12,1,0.0031,223.25,46.0,0.4883,3133,738,100,0,,,,84.5,83.0,,,0.44,0.64,3526,21,245,-10,53257,1374,0.009,41281,11976,98,-16,19,-5,873,5,3,0,3,0,1,0,0.995,,68,57,52,42
2020-05-08,2020-05-09T17:30:00.000+02:00,3877,6,1,0.0015,447.54,46.0,0.4883,3139,738,101,1,2,0.005,139.32,84.0,83.0,,,0.44,0.64,3550,24,226,-19,54463,1206,0.005,42925,11538,105,7,18,-1,874,1,3,0,3,0,1,0,0.995,,69,58,53,43
2020-05-09,2020-05-10T17:30:00.000+02:00,3886,9,1,0.0023,298.94,46.0,0.4883,3139,747,101,0,,,,84.0,83.0,,,0.44,0.65,3586,36,199,-27,55250,787,0.011,42990,12260,95,-10,17,-1,879,5,3,0,3,0,1,0,0.995,,70,59,54,44
2020-05-10,2020-05-11T17:30:00.000+02:00,3888,2,1,0.0005,1347.13,46.0,0.489,3148,740,101,0,,,,84.0,83.0,,,0.44,0.65,3602,16,185,-14,55415,165,0.012,43762,11653,89,-6,21,4,883,4,3,0,3,0,1,0,0.995,,71,60,55,45
2020-05-11,2020-05-12T17:35:00.000+02:00,3894,6,1,0.0015,449.51,46.0,0.4889,3153,741,102,1,3,0.0033,211.06,84.5,83.0,,,0.43,0.65,3610,8,182,-3,56394,979,0.006,44419,11975,89,0,23,2,886,3,1,-2,1,-2,1,0,0.995,,72,61,56,46
2020-05-12,2020-05-13T17:47:00.000+02:00,3904,10,1,0.0026,270.26,46.0,0.4883,3161,743,103,1,1,0.0098,71.05,85.0,84.0,,,0.44,0.65,3629,19,172,-10,57687,1293,0.008,45396,12291,90,1,23,0,887,1,1,0,1,0,1,0,0.993,0.63,73,62,57,47
2020-05-13,2020-05-14T17:32:00.000+02:00,3915,11,1,0.0028,246.35,46.0,0.4879,3162,753,103,0,,,,85.0,84.0,,,0.44,0.65,3665,36,147,-25,58727,1040,0.011,45848,12879,79,-11,12,-11,895,8,1,0,1,0,1,0,0.993,0.63,74,63,58,48
2020-05-14,2020-05-15T17:32:00.000+02:00,3923,8,1,0.002,339.56,46.0,0.4874,3175,748,104,1,2,0.0048,143.48,85.0,84.0,,,0.44,0.65,3682,17,137,-10,59987,1260,0.006,47106,12881,83,4,12,0,898,3,1,0,1,0,1,0,0.997,0.78,75,64,59,49
2020-05-15,2020-05-16T17:32:00.000+02:00,3930,7,1,0.0018,388.81,46.0,0.4873,3179,751,104,0,,,,85.0,84.0,,,0.44,0.65,3699,17,127,-10,60246,259,0.027,47405,12841,74,-9,16,4,900,2,1,0,1,0,1,0,0.997,0.78,76,65,60,50
2020-05-16,2020-05-17T17:33:00.000+02:00,3945,15,1,0.0038,181.95,46.0,0.4873,3185,760,107,3,2,0.0143,48.75,85.0,84.0,,,0.45,0.64,3702,3,136,9,62153,1907,0.008,48168,13985,66,-8,15,-1,900,0,1,0,1,0,1,0,0.997,0.78,77,66,61,51
2020-05-17,2020-05-18T17:38:00.000+02:00,3947,2,1,0.0005,1367.58,46.0,0.4869,3190,757,107,0,,,,85.0,84.0,,,0.45,0.64,3715,13,125,-11,62260,107,0.019,49040,13220,55,-11,9,-6,905,5,1,0,1,0,1,0,0.997,0.78,78,67,62,52
2020-05-18,2020-05-19T17:31:00.000+02:00,3958,11,1,0.0028,249.06,46.0,0.487,3201,757,109,2,2,0.0093,74.86,84.0,84.0,,,0.45,0.65,3718,3,131,6,63011,751,0.015,49620,13391,61,6,11,2,905,0,1,0,1,0,1,0,0.997,0.83,79,68,63,53
2020-05-19,2020-05-20T17:31:00.000+02:00,3971,13,1,0.0033,211.38,46.0,0.4871,3211,760,109,0,,,,84.0,84.0,,,0.45,0.65,3728,10,134,3,64018,1007,0.013,50324,13694,58,-3,7,-4,906,1,1,0,1,0,1,0,0.997,0.83,80,69,64,54
2020-05-20,2020-05-21T17:32:00.000+02:00,3980,9,1,0.0023,306.18,46.0,0.4871,3218,762,109,0,,,,84.0,84.0,,,0.45,0.65,3741,13,130,-4,64981,963,0.009,51212,13769,63,5,7,0,906,0,1,0,1,0,1,0,0.997,0.95,81,70,65,55
2020-05-21,2020-05-22T17:32:00.000+02:00,3981,1,1,0.0003,2759.07,46.0,0.487,3219,762,109,0,,,,84.0,84.0,,,0.45,0.65,3748,7,124,-6,65724,743,0.001,51227,14497,52,-11,6,-1,910,4,1,0,1,0,1,0,0.997,0.95,82,71,66,56
2020-05-22,2020-05-23T17:31:00.000+02:00,3990,9,1,0.0023,306.95,46.0,0.4869,3228,762,109,0,,,,84.0,84.0,,,0.45,0.65,3758,10,123,-1,66653,929,0.01,52454,14199,56,4,9,3,912,2,1,0,1,0,1,0,0.997,0.85,83,72,67,57
2020-05-23,2020-05-24T17:34:00.000+02:00,3992,2,1,0.0005,1383.18,46.0,0.4872,3230,762,110,1,5,0.0018,379.5,84.0,84.0,,,0.45,0.65,3767,9,115,-8,67729,1076,0.002,53378,14351,44,-12,8,-1,915,3,1,0,1,0,1,0,0.997,0.85,84,73,68,58
2020-05-24,2020-05-25T17:31:00.000+02:00,3993,1,1,0.0003,2767.39,46.0,0.4873,3231,762,110,0,,,,84.0,84.0,,,0.45,0.65,3781,14,102,-13,68107,378,0.003,53766,14341,42,-2,5,-3,915,0,1,0,1,0,1,0,0.997,0.85,85,74,69,59
