"date","date_published","spatial_unit","cases","cases_new","cases_residents","cases_residents_new","cases_nonresidents","cases_nonresidents_new","cases_diagnostic","cases_diagnostic_new","cases_diagnostic_residents","cases_diagnostic_residents_new","cases_diagnostic_nonresidents","cases_diagnostic_nonresidents_new","cases_lst","cases_lst_new","cases_lst_residents","cases_lst_residents_new","cases_lst_nonresidents","cases_lst_nonresidents_new","cases_airport","cases_airport_new","cases_airport_residents","cases_airport_residents_new","cases_airport_nonresidents","cases_airport_nonresidents_new","cases_tracing","cases_tracing_new","cases_tracing_residents","cases_tracing_residents_new","cases_tracing_nonresidents","cases_tracing_nonresidents_new","cases_residents_prop","cases_nonresidents_prop","cases_sex_f_prop","cases_sex_m_prop","cases_sex_x_prop","cases_sex_u_prop","cases_residents_sex_f_prop","cases_residents_sex_m_prop","cases_residents_sex_x_prop","cases_residents_sex_u_prop","cases_age_mean","cases_residents_age_mean","tests","tests_new","tests_residents","tests_residents_new","tests_nonresidents","tests_nonresidents_new","tests_diagnostic","tests_diagnostic_new","tests_diagnostic_residents","tests_diagnostic_residents_new","tests_diagnostic_nonresidents","tests_diagnostic_nonresidents_new","tests_lst","tests_lst_new","tests_lst_residents","tests_lst_residents_new","tests_lst_nonresidents","tests_lst_nonresidents_new","tests_airport","tests_airport_new","tests_airport_residents","tests_airport_residents_new","tests_airport_nonresidents","tests_airport_nonresidents_new","tests_tracing","tests_tracing_new","tests_tracing_residents","tests_tracing_residents_new","tests_tracing_nonresidents","tests_tracing_nonresidents_new","tests_residents_prop","tests_nonresidents_prop","tests_sex_f_prop","tests_sex_m_prop","tests_sex_x_prop","tests_sex_u_prop","tests_residents_sex_f_prop","tests_residents_sex_m_prop","tests_residents_sex_x_prop","tests_residents_sex_u_prop","tests_age_mean","tests_residents_age_mean","tests_prop_positive","tests_residents_prop_positive","tested","tested_new","tested_residents","tested_residents_new","tested_nonresidents","tested_nonresidents_new","tested_residents_prop","tested_nonresidents_prop","tested_sex_f_prop","tested_sex_m_prop","tested_sex_x_prop","tested_sex_u_prop","deaths","deaths_new","deaths_transfer","deaths_transfer_new","deaths_hospital_prop","deaths_nonhospital_prop","deaths_sex_f_prop","deaths_sex_m_prop","deaths_sex_x_prop","deaths_sex_u_prop","deaths_age_mean","deaths_age_median","deaths_age_min","deaths_age_max","hospital_total","hospital_total_change","hospital_normal","hospital_normal_change","hospital_intensive","hospital_intensive_change","hospital_total_confirmed","hospital_total_confirmed_change","hospital_normal_confirmed","hospital_normal_confirmed_change","hospital_intensive_confirmed","hospital_intensive_confirmed_change","hospital_total_suspected","hospital_total_suspected_change","hospital_normal_suspected","hospital_normal_suspected_change","hospital_intensive_suspected","hospital_intensive_suspected_change","hospital_normal_isolated","hospital_intensive_isolated","hospital_total_transfer","hospital_total_transfer_change","hospital_normal_transfer","hospital_normal_transfer_change","hospital_intensive_transfer","hospital_intensive_transfer_change","hospital_admissions","hospital_admissions_new","hospital_admissions_new_all","hospital_admissions_new_ma7","hospital_discharges","hospital_discharges_new","hospital_discharges_new_all","hospital_discharges_new_ma7","active","active_change","active_residents","active_residents_change","recovered","recovered_new","recovered_residents","recovered_residents_change","vaccinations","vaccinations_new","vaccinations_residents","vaccinations_residents_new","state","flags"
2020-02-29,2020-03-01T17:00:00.000+01:00,,1,1,,,,,,,,,,,,,,,,,,,,,,,,,,,,,,,,,,,,,,,,,,,,,,,,,,,,,,,,,,,,,,,,,,,,,,,,,,,,,,,,,,,,,,,,,,,,,,,,,0,0,,,,,,,,,,,,,,,,,,,,,,,,,,,,,,,,,,,,,,,,,,,0,0,,,1,1,,,0,0,,,,,,,"import",""
2020-03-04,2020-03-05T17:30:00.000+01:00,,2,1,,,,,,,,,,,,,,,,,,,,,,,,,,,,,,,,,,,,,,,,,,,,,,,,,,,,,,,,,,,,,,,,,,,,,,,,,,,,,,,,,,,,,,,,,,,,,,,,,0,0,,,,,,,,,,,,,,,,,,,,,,,,,,,,,,,,,,,,,,,,,,,,,,,,,,,,,,,,,,,"import",""
2020-03-05,2020-03-06T18:15:00.000+01:00,,3,1,,,,,,,,,,,,,,,,,,,,,,,,,,,,,,,,,,,,,,,,,,,,,,,,,,,,,,,,,,,,,,,,,,,,,,,,,,,,,,,,,,,,,,,,,,,,,,,,,0,0,,,,,,,,,,,,,,,,,,,,,,,,,,,,,,,,,,,,,,,,,,,,,,,,,,,,,,,,,,,"import",""
2020-03-06,2020-03-07T20:00:00.000+01:00,,4,1,,,,,,,,,,,,,,,,,,,,,,,,,,,,,,,,,,,,,,,,,,,,,,,,,,,,,,,,,,,,,,,,,,,,,,,,,,,,,,,,,,,,,,,,,,,,,,,,,0,0,,,,,,,,,,,,,,,,,,,,,,,,,,,,,,,,,,,,,,,,,,,,,,,,,,,,,,,,,,,"import",""
2020-03-07,2020-03-08T19:00:00.000+01:00,,5,1,,,,,,,,,,,,,,,,,,,,,,,,,,,,,,,,,,,,,,,,,,,,,,,,,,,,,,,,,,,,,,,,,,,,,,,,,,,,,,,,,,,,,,,,,,,,,,,,,0,0,,,,,,,,,,,,,,,,,,,,,,,,,,,,,,,,,,,,,,,,,,,,,,,,,,,,,,,,,,,"import",""
2020-03-09,2020-03-10T19:00:00.000+01:00,,7,2,,,,,,,,,,,,,,,,,,,,,,,,,,,,,,,,,,,,,,,,,,,,,,,,,,,,,,,,,,,,,,,,,,,,,,,,,,,,,,,,,,,,,,,,,,,,,,,,,0,0,,,,,,,,,,,,,,,,,,,,,,,,,,,,,,,,,,,,,,,,,,,,,,,,,,,,,,,,,,,"import",""
2020-03-11,2020-03-12T19:00:00.000+01:00,,26,19,,,,,,,,,,,,,,,,,,,,,,,,,,,,,,,,,,,,,,,,,,400,,,,,,,,,,,,,,,,,,,,,,,,,,,,,,,,,,,,,,,,,,,,,,,,,,,,,,,0,0,,,,,,,,,,,,,,,,,,,,,,,,,,,,,,,,,,,,,,,,,,,,,,,,,,,,,,,,,,,"local",""
2020-03-12,2020-03-13T21:00:00.000+01:00,,38,12,,,,,,,,,,,,,,,,,,,,,,,,,,,,,,,,,,,,,,,,,,500,,,,,,,,,,,,,,,,,,,,,,,,,,,,,,,,,,,,,,,,,,,,,,,,,,,,,,,1,1,,,,,,,,,,,,,,,,,,,,,,,,,,,,,,,,,,,,,,,,,,,,,,,,,,,,,,,,,,,"local",""
2020-03-13,2020-03-14T12:00:00.000+01:00,,51,13,,,,,,,,,,,,,,,,,,,,,,,,,,,,,,,,,,,,,,,,,,,,,,,,,,,,,,,,,,,,,,,,,,,,,,,,,,,,,,,,,,,,,,,,,,,,,,,,,1,0,,,,,,,,,,,,,,,,,,,,,,,,,,,,,,,,,,,,,,,,,,,,,,,,,,,,,,,,,,,"local",""
2020-03-14,2020-03-15T18:00:00.000+01:00,,77,26,,,,,,,,,,,,,,,,,,,,,,,,,,,,,,,,,,,,,,,,,,,,,,,,,,,,,,,,,,,,,,,,,,,,,,,,,,,,,,,,,,,,,,,,,,,,,,,,,1,0,,,,,,,,,,,,,,,,,,,,,,,,,,,,,,,,,,,,,,,,,,,,,,,,,,,,,,,,,,,"local",""
2020-03-15,2020-03-16T09:00:00.000+01:00,,81,4,,,,,,,,,,,,,,,,,,,,,,,,,,,,,,,,,,,,,,,,,,,,,,,,,,,,,,,,,,,,,,,,,,,,,,,,,,,,,,,,,,,,,,,,,,,,,,,,,1,0,,,,,,,,,,,,,9,,8,,1,,,,,,,,,,,,,,,,,,,,,,,,,,,,,,,,,,,,,,,,,,"local",""
2020-03-16,2020-04-21T17:15:00.000+02:00,,140,59,,,,,,,,,,,,,,,,,,,,,,,,,,,,,,,,,,,,,,,,,,,,,,,,,,,,,,,,,,,,,,,,,,,,,,,,,,,,,,,,,,,,,,,,,,,,,,,,,0,-1,,,,,,,,,,,,,,,,,,,,,,,,,,,,,,,,,,,,,,,,,,5,,,,0,,,,,,,,,,,,,"local",""
2020-03-17,2020-04-21T17:15:00.000+02:00,,203,63,,,,,,,,,,,,,,,,,,,,,,,,,,,,,,,,,,,,,,,,,1747,,,,,,,,,,,,,,,,,,,,,,,,,,,,,,,,,,,,,,,,,,,,,,,,,,,,,,,,0,0,,,,,,,,,,,,,,,,,,,,,,,,,,,,,,,,,,,,,,,,,,6,,,,0,,,,,,,,,,,,,"local",""
2020-03-18,2020-04-21T17:15:00.000+02:00,,379,176,,,,,,,,,,,,,,,,,,,,,,,,,,,,,,,,,,,,,,,,,2696,949,,,,,,,,,,,,,,,,,,,,,,,,,,,,,,,,,,,,,,,,,,,,,,,,,,,,,,,0,0,,,,,,,,,,,,,14,,10,,4,,,,,,,,,,,,,,,,-14,,-10,,-4,,,,,6,6,,,0,,,,,6,,,,,,,,"local",""
2020-03-19,2020-04-21T17:15:00.000+02:00,,522,143,,,,,,,,,,,,,,,,,,,,,,,,,,,,,,,,,,,,,,,,,3667,971,,,,,,,,,,,,,,,,,,,,,,,,,,,,,,,,,,,,,,,,,,,,,,,,,,,,,,,0,0,,,,,,,,,,,,,19,5,16,6,3,-1,,,,,,,,,,,,,,,-18,-4,-15,-5,-3,1,,,,8,,,,0,,,,,,,,,,,,,"local",""
2020-03-20,2020-04-21T17:15:00.000+02:00,,697,175,,,,,,,,,,,,,,,,,,,,,,,,,,,,,,,,,,,,,,,,,4774,1107,,,,,,,,,,,,,,,,,,,,,,,,,,,,,,,,,,,,,,,,,,,,,,,,,,,,,,,3,3,,,,,,,,,,,,,29,10,26,10,3,0,,,,,,,,,,,,,,,-8,10,-8,7,0,3,,,,8,,,,0,,,,,,,,,,,,,"local",""
2020-03-21,2020-04-21T17:15:00.000+02:00,,824,127,,,,,,,,,,,,,,,,,,,,,,,,,,,,,,,,,,,,,,,,,5254,480,,,,,,,,,,,,,,,,,,,,,,,,,,,,,,,,,,,,,,,,,,,,,,,,,,,,,,,7,4,,,,,,,,,,,,,93,64,88,62,5,2,,,,,,,,,,,,,,,-31,-23,-32,-24,1,1,,,,9,,,,1,,,,,,,,,,,,,"local",""
2020-03-22,2020-04-21T17:15:00.000+02:00,,845,21,,,,,,,,,,,,,,,,,,,,,,,,,,,,,,,,,,,,,,,,,5274,20,,,,,,,,,,,,,,,,,,,,,,,,,,,,,,,,,,,,,,,,,,,,,,,,,,,,,,,7,0,,,,,,,,,,,,,,,,,,,,,,,,,,,,,,,,,,,,,,,,,,10,,,,1,,,,,,,,,,,,,"local",""
2020-03-23,2020-04-21T17:15:00.000+02:00,,1087,242,,,,,,,,,,,,,,,,,,,,,,,,,,,,,,,,,,,,,,,,,6466,1192,,,,,,,,,,,,,,,,,,,,,,,,,,,,,,,,,,,,,,,,,,,,,,,,,,,,,,,7,0,,,,,,,,,,,,,,,,,,,,,,,,,,,,,,,,,,,,,,,,,,12,,,,1,,,,,,,,,,,,,"local",""
2020-03-24,2020-04-21T17:15:00.000+02:00,,1281,194,,,,,,,,,,,,,,,,,,,,,,,,,,,,,,,,,,,,,,,,,7440,974,,,,,,,,,,,,,,,,,,,,,,,,,,,,,,,,,,,,,,,,,,,,,,,,,,,,,,,7,0,,,,,,,,,,,,,143,,122,,21,,,,,,,,,,,,,,,,-37,,-25,,-12,,,,,14,,,,2,,,,,,,,,,,,,"local",""
2020-03-25,2020-04-21T17:15:00.000+02:00,,1451,170,,,,,,,,,,,,,,,,,,,,,,,,,,,,,,,,,,,,,,,,,8421,981,,,,,,,,,,,,,,,,,,,,,,,,,,,,,,,,,,,,,,,,,,,,,,,,,,,,,,,9,2,,,,,,,,,,,,,,,,,,,,,,,,,,,,,,,,,,,,,,,,,,17,,,,4,,,,,,,,,,,,,"local",""
2020-03-26,2020-04-21T17:15:00.000+02:00,,1714,263,,,,,,,,,,,,,,,,,,,,,,,,,,,,,,,0.46,0.54,,,,,,,46.0,,13881,5460,,,,,,,,,,,,,,,,,,,,,,,,,,,,,,,,,,,,,,,,,,,,,,,,,,,,,,,8,-1,,,,,,,,,80.0,,53.0,,148,,123,,25,,,,,,,,,,,,,,,,-2,,-3,,1,,,,,19,40,,,6,,,,,40,,,,,,,,"local",""
2020-03-27,2020-04-21T17:15:00.000+02:00,,1910,196,,,,,,,,,,,,,,,,,,,,,,,,,,,,,,,,,,,,,,,,,15106,1225,,,,,,,,,,,,,,,,,,,,,,,,,,,,,,,,,,,,,,,,,,,,,,,,,,,,,,,13,5,,,,,,,,,,,,,,,,,,,,,,,,,,,,,,,,,,,,,,,,,,21,,,,7,,,,,,,,,,,,,"local",""
2020-03-28,2020-04-21T17:15:00.000+02:00,,2037,127,,,,,,,,,,,,,,,,,,,,,,,,,,,,,,,,,,,,,,,,,16065,959,,,,,,,,,,,,,,,,,,,,,,,,,,,,,,,,,,,,,,,,,,,,,,,,,,,,,,,14,1,,,,,,,,,,,,,,,,,,,,,,,,,,,,,,,,,,,,,,,,,,23,,,,8,,,,,,,,,,,,,"local",""
2020-03-29,2020-04-21T17:15:00.000+02:00,,2081,44,1733,,255,,,,,,,,,,,,,,,,,,,,,,,,,,0.87173,0.12827,,,,,,,,,,,16381,316,,,,,,,,,,,,,,,,,,,,,,,,,,,,,,,,,,,,,,,,,,,,,,,,,,,,,,,21,7,,,,,,,,,,,,,202,,171,,31,,,,,,,,,,,,,,,,-15,,-11,,-4,,,,,22,80,,,9,,,,,80,,,,,,,,"local","1"
2020-03-30,2020-04-21T17:15:00.000+02:00,,2252,171,1883,150,295,40,,,,,,,,,,,,,,,,,,,,,,,,,0.86455,0.13545,,,,,,,,,,,17573,1192,,,,,,,,,,,,,,,,,,,,,,,,,,,,,,,,,,,,,,,,,,,,,,,,,,,,,,,22,1,,,,,,,,,,,,,,,,,,,,,,,,,,,,,,,,,,,,,,,,,,23,,,,10,,,,,,,,,,,,,"local","1,2"
2020-03-31,2020-04-21T17:15:00.000+02:00,,2364,112,1992,109,327,32,,,,,,,,,,,,,,,,,,,,,,,,,0.85899,0.14101,,,,,,,,,,,18676,1103,,,,,,,,,,,,,,,,,,,,,,,,,,,,,,,,,,,,,,,,,,,,,,,,,,,,,,,22,0,,,,,,,,,,,,,,,,,,,,,,,,,,,,,,,,,,,,,,,,,,23,,,,12,,,,,,,,,,,,,"local","1,2"
2020-04-01,2020-04-21T17:15:00.000+02:00,,2555,191,2099,107,388,61,,,,,,,,,,,,,,,,,,,,,,,,,0.84399,0.15601,,,,,,,,,,,20075,1399,,,,,,,,,,,,,,,,,,,,,,,,,,,,,,,,,,,,,,,,,,,,,,,,,,,,,,,26,4,,,,,,,,,,,,,,,,,,,,,,,,,,,,,,,,,,,,,,,,,,23,,,,14,,,,,,,,,,,,,"local","1,2"
2020-04-02,2020-04-21T17:15:00.000+02:00,,2684,129,2201,102,411,23,,,,,,,,,,,,,,,,,,,,,,,,,0.84265,0.15735,0.49,0.51,,,,,,,46.0,,21484,1409,17925,,3538,,,,,,,,,,,,,,,,,,,,,,,,,,0.835158,0.164842,,,,,,,,,,,,,,,17925,,3538,,0.835158,0.164842,,,,,28,2,1,,,,,,,,,86.0,,,232,,199,,33,,,,,,,,,,,,,,,,10,,0,,10,,,,,22,174,,,17,,,,,500,,,,,,,,"local","1,2,5,3"
2020-04-03,2020-04-21T17:15:00.000+02:00,,2801,117,2291,90,438,27,,,,,,,,,,,,,,,,,,,,,,,,,0.8395,0.1605,0.49,0.51,,,,,,,46.0,,22804,1320,18966,1041,3827,289,,,,,,,,,,,,,,,,,,,,,,,,,0.832098,0.167902,,,,,,,,,,,,,,,18966,1041,3827,289,0.832098,0.167902,,,,,28,0,1,0,,,,,,,,86.0,,,230,-2,195,-4,35,2,,,,,,,,,,,,,,,10,0,0,0,10,0,,,,20,190,16,,19,,,,,,,,,,,,,"local","1,5,6,3,4"
2020-04-04,2020-04-21T17:15:00.000+02:00,,2872,71,2351,60,453,15,,,,,,,,,,,,,,,,,,,,,,,,,0.83845,0.16155,0.49,0.51,,,,,,,46.0,,23665,861,19689,723,3998,171,,,,,,,,,,,,,,,,,,,,,,,,,0.831215,0.168785,,,,,,,,,,,,,,,19689,723,3998,171,0.831215,0.168785,,,,,29,1,1,0,,,,,,,,86.0,,,233,3,200,5,33,-2,,,,,,,,,,,,,,,10,0,0,0,10,0,,,,19,241,51,,24,,,,,,,,,,,,,"local","1,2,5,6,3,4"
2020-04-05,2020-04-21T17:15:00.000+02:00,,2911,39,2384,33,459,6,,,,,,,,,,,,,,,,,,,,,,,,,0.83855,0.16145,0.49,0.51,,,,,,,46.0,,24276,611,20112,423,4179,181,,,,,,,,,,,,,,,,,,,,,,,,,0.827961,0.172039,,,,,,,,,,,,,,,20112,423,4179,181,0.827961,0.172039,,,,,35,6,1,0,,,,,,,,86.0,,,223,-10,191,-9,32,-1,,,,,,,,,,,,,,,10,0,0,0,10,0,,,,18,253,12,,25,,,,,,,,,,,,,"local","1,5,6,3,4"
2020-04-06,2020-04-21T17:15:00.000+02:00,,2988,77,2478,94,492,33,,,,,,,,,,,,,,,,,,,,,,,,,0.83434,0.16566,0.4973,0.5027,,,,,,,46.0,,25280,1004,21209,1097,4493,314,,,,,,,,,,,,,,,,,,,,,,,,,0.825189,0.174811,,,,,,,,,,,,,,,21209,1097,4493,314,0.825189,0.174811,,,,,38,3,1,0,,,,,,,,86.0,,,231,8,196,5,35,3,,,,,,,,,,,,,,,10,0,0,0,10,0,,,,17,310,57,,30,,,,,,,,,,,,,"local","1,2,5,6,3,4"
2020-04-07,2020-04-21T17:15:00.000+02:00,,3075,87,2524,46,510,18,,,,,,,,,,,,,,,,,,,,,,,,,0.83191,0.16809,0.496,0.504,,,,,,,46.0,,26382,1102,21892,683,4681,188,,,,,,,,,,,,,,,,,,,,,,,,,0.823844,0.176156,,,,,,,,,,,,,,,21892,683,4681,188,0.823844,0.176156,,,,,43,5,1,0,,,,,,,,86.0,,,231,0,197,1,34,-1,,,,,,,,,,,,,,,10,0,0,0,10,0,,,,17,354,44,,33,,,,,,,,,,,,,"local","1,2,5,6,3,4"
2020-04-08,2020-04-21T17:15:00.000+02:00,,3155,80,2594,70,521,11,,,,,,,,,,,,,,,,,,,,,,,,,0.83274,0.16726,0.496,0.504,,,,,,,46.0,,27352,970,22650,758,4871,190,,,,,,,,,,,,,,,,,,,,,,,,,0.823008,0.176992,,,,,,,,,,,,,,,22650,758,4871,190,0.823008,0.176992,,,,,46,3,1,0,,,,,,,84.0,87.0,,,220,-11,190,-7,30,-4,,,,,,,,,,,,,,,10,0,0,0,10,0,,,,15,374,20,,33,,,,,,,,,,,,,"local","1,2,5,6,3,4"
2020-04-09,2020-04-21T17:15:00.000+02:00,,3226,71,2644,50,579,58,,,,,,,,,,,,,,,,,,,,,,,,,0.82035,0.17965,0.495,0.505,,,,,,,46.0,,28196,844,23211,561,5062,191,,,,,,,,,,,,,,,,,,,,,,,,,0.82096,0.17904,,,,,,,,,,,,,,,23211,561,5062,191,0.82096,0.17904,,,,,47,1,1,0,,,,,,,,87.0,,,234,14,202,12,32,2,,,,,,,,,,,,,,,10,0,0,0,10,0,,,,14,412,38,,32,,,,,,,,,,,,,"local","1,2,5,6,3,4"
2020-04-10,2020-04-21T17:15:00.000+02:00,,3274,48,2679,35,591,12,,,,,,,,,,,,,,,,,,,,,,,,,0.81927,0.18073,0.495,0.505,,,,,,,46.0,,28850,654,23724,513,5241,179,,,,,,,,,,,,,,,,,,,,,,,,,0.819057,0.180943,,,,,,,,,,,,,,,23724,513,5241,179,0.819057,0.180943,,,,,52,5,1,0,,,,,,,,87.0,,,210,-24,177,-25,33,1,,,,,,,,,,,,,,,10,0,0,0,10,0,,,,13,444,32,,34,,,,,,,,,,,,,"local","1,2,5,6,3,4"
2020-04-11,2020-04-21T17:15:00.000+02:00,,3281,7,2685,6,596,5,,,,,,,,,,,,,,,,,,,,,,,,,0.81835,0.18165,0.495,0.505,,,,,,,46.0,,29163,313,23873,149,5292,51,,,,,,,,,,,,,,,,,,,,,,,,,0.81855,0.18145,,,,,,,,,,,,,,,23873,149,5292,51,0.81855,0.18145,,,,,56,4,1,0,,,,,,,,85.0,,,214,4,183,6,31,-2,,,,,,,,,,,,,,,10,0,0,0,10,0,,,,13,465,21,,32,,,,,,,,,,,,,"local","2,5,6,3,4"
2020-04-12,2020-04-21T17:15:00.000+02:00,,3305,24,2694,9,598,2,,,,,,,,,,,,,,,,,,,,,,,,,0.81835,0.18165,0.495,0.505,,,,,,,46.0,,29374,211,24000,127,5315,23,,,,,,,,,,,,,,,,,,,,,,,,,0.818694,0.181306,,,,,,,,,,,,,,,24000,127,5315,23,0.818694,0.181306,,,,,60,4,1,0,,,,,,,,85.0,,,211,-3,178,-5,33,2,,,,,,,,,,,,,,,10,0,0,0,10,0,,,,14,467,2,,31,,,,,,,,,,,,,"local","1,2,5,6,3,4"
2020-04-13,2020-04-21T17:15:00.000+02:00,,3308,3,2707,13,600,2,,,,,,,,,,,,,,,,,,,,,,,,,0.81857,0.18143,0.495,0.505,,,,,,,46.0,,29427,53,24177,177,5346,31,,,,,,,,,,,,,,,,,,,,,,,,,0.818921,0.181079,,,,,,,,,,,,,,,24177,177,5346,31,0.818921,0.181079,,,,,63,3,1,0,,,,,,,,85.0,,,192,-19,161,-17,31,-2,,,,,,,,,,,,,,,9,-1,0,0,9,-1,,,,11,486,19,,27,,,,,,,,,,,,,"local","1,2,5,6,3,4"
2020-04-14,2020-04-21T17:15:00.000+02:00,,3383,75,2760,53,613,13,,,,,,,,,,,,,,,,,,,,,,,,,0.81826,0.18174,0.495,0.505,,,,,,,46.0,,30733,1306,25060,883,5663,317,,,,,,,,,,,,,,,,,,,,,,,,,0.815676,0.184324,,,,,,,,,,,,,,,25060,883,5663,317,0.815676,0.184324,,,,,68,5,1,0,,,,,,,,84.0,,,191,-1,158,-3,33,2,,,,,,,,,,,,,,,9,0,0,0,9,0,,,,11,526,40,,25,,,,,,,,,,,,,"local","1,2,5,6,3,4"
2020-04-15,2020-04-21T17:15:00.000+02:00,,3433,50,2830,70,614,1,,,,,,,,,,,,,,,,,,,,,,,,,0.82172,0.17828,0.494,0.506,,,,,,,46.0,,31510,777,25797,737,5863,200,,,,,,,,,,,,,,,,,,,,,,,,,0.814814,0.185186,,,,,,,,,,,,,,,,,,,,,,,,,68,0,1,0,0.65,,0.43,0.57,,,83.0,85.0,53.0,96.0,205,14,170,12,35,2,,,,,,,,,,,,,,,9,0,0,0,9,0,,,,11,552,26,,26,,,,,,,,,,,,,"local","1,2,5,6"
2020-04-16,2020-04-21T17:15:00.000+02:00,,3480,47,2858,28,622,8,,,,,,,,,,,,,,,,,,,,,,,,,0.82126,0.17874,0.495,0.505,,,,,,,46.0,,32328,818,26395,598,5999,136,,,,,,,,,,,,,,,,,,,,,,,,,0.814811,0.185189,,,,,,,,,,,,,,,26395,,5999,,0.814811,0.185189,,,,,68,0,1,0,0.671,,0.443,0.557,,,,84.5,,,178,-27,149,-21,29,-6,,,,,,,,,,,,,,,9,0,0,0,9,0,,,,12,579,27,,26,,,,,,,,,,,,,"local","2,5,6,3"
2020-04-17,2020-04-21T17:15:00.000+02:00,,3535,55,2907,49,630,8,,,,,,,,,,,,,,,,,,,,,,,,,0.82188,0.17812,0.493,0.507,,,,,,,46.0,,33252,924,27102,707,6150,151,,,,,,,,,,,,,,,,,,,,,,,,,0.815049,0.184951,,,,,,,,,,,,,,,27102,707,6150,151,0.815049,0.184951,,,,,71,3,1,0,0.671,,0.443,0.557,,,,84.5,,,180,2,148,-1,32,3,,,,,,,,,,,,,,,9,0,0,0,9,0,,,,13,601,22,,23,,,,,,,,,,,,,"local","1,2,6,3,4"
2020-04-18,2020-04-21T17:15:00.000+02:00,,3554,19,2917,10,633,3,,,,,,,,,,,,,,,,,,,,,,,,,0.82169,0.17831,0.493,0.507,,,,,,,46.0,,33675,423,27429,327,6237,87,,,,,,,,,,,,,,,,,,,,,,,,,0.814739,0.185261,,,,,,,,,,,,,,,27429,327,6237,87,0.814739,0.185261,,,,,73,2,1,0,0.6,,0.467,0.533,,,,85.0,,,181,1,150,2,31,-1,,,,,,,,,,,,,,,9,0,0,0,9,0,,,,12,627,26,,21,,,,,,,,,,,,,"local","1,2,5,6,3,4"
2020-04-19,2020-04-21T17:15:00.000+02:00,,3558,4,2921,4,637,4,,,,,,,,,,,,,,,,,,,,,,,,,0.82097,0.17903,0.493,0.507,,,,,,,46.0,,33806,131,27532,103,6266,29,,,,,,,,,,,,,,,,,,,,,,,,,0.814604,0.185396,,,,,,,,,,,,,,,27532,103,6266,29,0.814604,0.185396,,,,,74,1,1,0,0.68,,0.453,0.547,,,,85.0,,,185,4,153,3,32,1,,,,,,,,,,,,,,,8,-1,0,0,8,-1,,,,13,637,10,,24,,,,,,,,,,,,,"local","2,5,6,3,4"
2020-04-20,2020-04-21T17:50:00.000+02:00,,3618,60,2951,30,667,30,,,,,,,,,,,,,,,,,,,,,,,,,0.81564,0.18436,0.491,0.509,,,,,,,46.0,,34962,1156,28380,848,6582,316,,,,,,,,,,,,,,,,,,,,,,,,,0.811738,0.188262,,,,,,,,,,,,,34962,,28380,848,6582,316,0.811738,0.188262,,,,,78,4,1,0,0.679,,0.449,0.551,,,83.0,85.0,,,185,0,153,0,32,0,,,,,,,,,,,,,,,7,-1,0,0,7,-1,,,,15,670,33,,24,,,,,,,,,,,,,"local","6,4"
2020-04-21,2020-04-21T17:15:00.000+02:00,,,,,,,,,,,,,,,,,,,,,,,,,,,,,,,,,,,,,,,,,,,,,,,,,,,,,,,,,,,,,,,,,,,,,,,,,,,,,,,,,,,,,,,,,,,,,,,,,,,,78,0,,,,,,,,,,,,,,,,,,,,,,,,,,,,,,,,,,,,,,,,,,15,,,,24,,,,,,,,,,,,,,""
