"date","date_published","cases","cases_residents","cases_nonresidents","cases_new","cases_residents_new","cases_nonresidents_new","cases_residents_prop","cases_nonresidents_prop","cases_sex_f_prop","cases_sex_m_prop","cases_sex_x_prop","cases_sex_u_prop","cases_age_mean","active","active_new","recovered","recovered_new","tests","tests_residents","tests_nonresidents","tests_new","tests_residents_new","tests_nonresidents_new","tests_residents_prop","tests_nonresidents_prop","tests_sex_f_prop","tests_sex_m_prop","tests_sex_x_prop","tests_sex_u_prop","deaths","deaths_new","deaths_transfer","deaths_transfer_new","deaths_hospital_prop","deaths_nonhospital_prop","deaths_sex_f_prop","deaths_sex_m_prop","deaths_sex_x_prop","deaths_sex_u_prop","deaths_age_mean","deaths_age_median","deaths_age_min","deaths_age_max","hospital_total","hospital_normal","hospital_intensive","hospital_total_transfer","hospital_normal_transfer","hospital_intensive_transfer","hospital_admissions","hospital_admissions_new","hospital_admissions_new_all","hospital_admissions_new_ma7","hospital_discharges","hospital_discharges_new","hospital_discharges_new_all","hospital_discharges_new_ma7","reproduction_number_effective","reproduction_number_effective_low","reproduction_number_effective_high","reproduction_number","reproduction_number_low","reproduction_number_high","state","flags"
2020-02-24,2020-04-23T17:30:00.000+02:00,,,,,,,,,,,,,,,,,,2,,,2,,,,,,,,,,,,,,,,,,,,,,,,,,,,,,,,,,,,,,,,,,,,""
2020-02-25,2020-04-23T17:30:00.000+02:00,,,,,,,,,,,,,,,,,,9,,,7,,,,,,,,,,,,,,,,,,,,,,,,,,,,,,,,,,,,,,,,,,,,""
2020-02-26,2020-04-23T17:30:00.000+02:00,,,,,,,,,,,,,,,,,,11,,,2,,,,,,,,,,,,,,,,,,,,,,,,,,,,,,,,,,,,,,,,,,,,""
2020-02-27,2020-04-23T17:30:00.000+02:00,,,,,,,,,,,,,,,,,,12,,,1,,,,,,,,,,,,,,,,,,,,,,,,,,,,,,,,,,,,,,,,,,,,""
2020-02-28,2020-04-23T17:30:00.000+02:00,,,,,,,,,,,,,,,,,,19,,,7,,,,,,,,,,,,,,,,,,,,,,,,,,,,,,,,,,,,,,,,,,,,""
2020-02-29,2020-03-01T17:00:00.000+01:00,1,,,,,,,,,,,,,1,,0,,,,,,,,,,,,,,0,,,,,,,,,,,,,,,,,,,,,,,,0,,,,,,,,,,"import",""
2020-03-02,2020-04-23T17:30:00.000+02:00,,,,,,,,,,,,,,,,,,26,,,,,,,,,,,,,,,,,,,,,,,,,,,,,,,,,,,,,,,,,,,,,,,""
2020-03-03,2020-04-23T17:30:00.000+02:00,,,,,,,,,,,,,,,,,,30,,,4,,,,,,,,,,,,,,,,,,,,,,,,,,,,,,,,,,,,,,,,,,,,""
2020-03-04,2020-03-05T17:30:00.000+01:00,2,,,,,,,,,,,,,,,,,,,,,,,,,,,,,0,,,,,,,,,,,,,,,,,,,,,,,,,,,,,,,,,,"import",""
2020-03-05,2020-04-23T17:30:00.000+02:00,3,,,1,,,,,,,,,,,,,,35,,,,,,,,,,,,0,0,,,,,,,,,,,,,,,,,,,,,,,,,,,,,,,,,"import",""
2020-03-06,2020-04-23T17:30:00.000+02:00,4,,,1,,,,,,,,,,,,,,43,,,8,,,,,,,,,0,0,,,,,,,,,,,,,,,,,,,,,,,,,,,,,,,,,"import",""
2020-03-07,2020-04-23T17:30:00.000+02:00,1,,,-3,,,,,,,,,,,,,,49,,,6,,,,,,,,,0,0,,,,,,,,,,,,,,,,,,,,,,,,,,,,,,,,,"import",""
2020-03-09,2020-04-24T17:15:00.000+02:00,1,,,0,,,,,,,,,,0,,0,,65,,,16,,,,,,,,,0,0,,,,,,,,,,,,,,,,,,,,,,,,,,,,,,,,,"import",""
2020-03-10,2020-04-24T17:15:00.000+02:00,1,,,0,,,,,,,,,,0,0,0,0,90,,,25,,,,,,,,,,,,,,,,,,,,,,,,,,,,,,,,,,,,,,,,,,,,""
2020-03-11,2020-04-24T17:15:00.000+02:00,3,,,2,,,,,,,,,,0,0,0,0,140,,,50,,,,,,,,,0,,,,,,,,,,,,,,,,,,,,,,,,,,,,,,,,,,"local",""
2020-03-12,2020-04-24T17:15:00.000+02:00,18,,,15,,,,,,,,,,18,18,0,0,334,,,194,,,,,,,,,1,1,,,,,,,,,,,,,,,,,,,,,,,,,,,,,,,,,"local",""
2020-03-13,2020-04-24T17:15:00.000+02:00,42,,,24,,,,,,,,,,42,24,0,0,528,,,194,,,,,,,,,1,0,,,,,,,,,,,,,,,,,,,,,,,,,,,,,,,,,"local",""
2020-03-14,2020-04-24T17:15:00.000+02:00,63,,,21,,,,,,,,,,63,21,0,0,631,,,103,,,,,,,,,1,0,,,,,,,,,,,,,,,,,,,,,,,,,,,,,,,,,"local",""
2020-03-15,2020-04-24T17:15:00.000+02:00,63,,,0,,,,,,,,,,63,0,0,0,655,,,24,,,,,,,,,1,0,,,,,,,,,,,,,9,8,1,,,,,,,,,,,,,,,,,,"local",""
2020-03-16,2020-04-27T17:15:00.000+02:00,97,,,34,,,,,,,,,,97,34,0,0,1065,,,410,,,,,,,,,0,-1,,,,,,,,,,,,,,0,,,,,,,,4,,,0,4,,,,,,,"local",""
2020-03-17,2020-04-28T17:15:00.000+02:00,221,,,124,,,,,,,,,,221,124,0,0,1666,,,601,,,,,,,,,0,0,,,,,,,,,,,,,,0,,,,,,,,5,,,0,3,,,,,,,"local",""
2020-03-18,2020-04-28T17:15:00.000+02:00,379,,,158,,,,,,,,,,379,158,0,0,2567,,,901,,,,,,,,,0,0,,,,,,,,,,,,,14,0,4,,,,,,,5,6,,0,3,,,,,,,"local",""
2020-03-19,2020-04-28T17:15:00.000+02:00,522,,,143,,,,,,,,,,522,143,0,0,3501,,,934,,,,,,,,,0,0,,,,,,,,,,,,,19,1,3,,,,,,,7,,,0,2,,,,,,,"local",""
2020-03-20,2020-04-28T17:15:00.000+02:00,697,,,175,,,,,,,,,,696,174,0,0,4566,,,1065,,,,,,,,,1,1,,,,,,,,,,,,,29,18,3,,,,,,,7,,,0,3,,,,,,,"local",""
2020-03-21,2020-04-28T17:15:00.000+02:00,824,,,127,,,,,,,,,,817,121,0,0,4999,,,433,,,,,,,,,7,6,,,,,,,,,,,,,93,56,5,,,,,,,8,,,8,3,,,,,,,"local",""
2020-03-22,2020-04-28T17:15:00.000+02:00,845,,,21,,,,,,,,,,838,21,0,0,5014,,,15,,,,,,,,,7,0,,,,,,,,,,,,,,63,,,,,,,,9,,,0,3,,,,,,,"local",""
2020-03-23,2020-04-28T17:15:00.000+02:00,1087,,,242,,,,,,,,,,1080,242,0,0,6137,,,1123,,,,,,,,,7,0,,,,,,,,,,,,,,71,,,,,,,,12,,,2,3,,,,,,,"local",""
2020-03-24,2020-04-28T17:15:00.000+02:00,1281,,,194,,,,,,,,,,1274,194,0,0,7058,,,921,,,,,,,,,7,0,,,,,,,,,,,,,143,97,21,,,,,,,14,,,4,4,,,,,,,"local",""
2020-03-25,2020-04-28T17:15:00.000+02:00,1451,,,170,,,,,,,,,,1439,165,3,3,7988,,,930,,,,,,,,,9,2,,,,,,,,,,,,,,128,,,,,,,,16,,,11,4,,,,,,,"local",""
2020-03-26,2020-04-28T17:15:00.000+02:00,1714,,,263,,,,,0.46,0.54,,,46.0,1702,263,4,1,13383,,,5395,,,,,,,,,8,-1,,,,,,,,,80.0,,53.0,,148,120,25,,,,,,,18,40,,14,5,,,,,,,"local",""
2020-03-27,2020-04-28T17:15:00.000+02:00,1910,,,196,,,,,,,,,,1879,177,18,14,14568,,,1185,,,,,,,,,13,5,,,,,,,,,,,,,,128,,,,,,,,20,,,13,6,,,,,,,"local",""
2020-03-28,2020-04-28T17:15:00.000+02:00,2037,,,127,,,,,,,,,,1980,101,43,25,15526,,,958,,,,,,,,,14,1,,,,,,,,,,,,,,152,,,,,,,,22,,,9,7,,,,,,,"local",""
2020-03-29,2020-04-28T17:15:00.000+02:00,2081,1733,255,44,,,0.87173,0.12827,,,,,,1997,17,63,20,15809,,,283,,,,,,,,,21,7,,,,,,,,,,,,,202,160,31,,,,,,,21,80,,13,7,,,,,,,"local","1"
2020-03-30,2020-04-28T17:15:00.000+02:00,2252,1883,295,171,150,40,0.86455,0.13545,,,,,,2167,170,63,0,16960,,,1151,,,,,,,,,22,1,,,,,,,,,,,,,,156,,,,,,,,22,,,4,9,,,,,,,"local","1,2"
2020-03-31,2020-04-28T17:15:00.000+02:00,2364,1922,327,112,39,32,0.85899,0.14101,,,,,,2248,81,94,31,18061,,,1101,,,,,,,,,22,0,,,,,,,,,,,,,,163,,,,,,,,22,,,21,11,,,,,,,"local","1,2"
2020-04-01,2020-04-28T17:15:00.000+02:00,2555,2099,388,191,177,61,0.84399,0.15601,,,,,,2331,83,198,104,19397,,,1336,,,,,,,,,26,4,,,,,,,,,,,,,,166,,,,,,,,21,,,26,12,,,,,,,"local","1,2"
2020-04-02,2020-04-28T17:15:00.000+02:00,2684,2201,401,129,102,13,0.84589,0.15735,0.49,0.51,,,46.0,2314,-17,342,144,20811,17925,3538,1414,,,0.835158,0.164842,,,,,28,2,1,,,,,,,,,86.0,,,232,184,33,10,0,10,,,,20,174,,31,12,,,,,,,"local","1,2,3"
2020-04-03,2020-04-28T17:15:00.000+02:00,2801,2291,438,117,90,37,0.8395,0.1605,0.49,0.51,,,46.0,2297,-17,476,134,22090,18966,3827,1279,1041,289,0.832098,0.167902,,,,,28,0,1,0,,,,,,,,86.0,,,230,183,35,10,0,10,,,,20,190,16,32,14,,,,,,,"local","1,2,3,4"
2020-04-04,2020-04-28T17:15:00.000+02:00,2872,2351,453,71,60,15,0.83845,0.16155,0.49,0.51,,,46.0,2204,-93,638,162,22940,19689,3998,850,723,171,0.831215,0.168785,,,,,29,1,1,0,,,,,,,,86.0,,,233,190,33,10,0,10,,,,18,241,51,44,15,,,,,,,"local","1,2,3,4"
2020-04-05,2020-04-28T17:15:00.000+02:00,2911,2384,459,39,33,6,0.83855,0.16145,0.49,0.51,,,46.0,2118,-86,758,120,23579,20112,4179,639,423,181,0.827961,0.172039,,,,,35,6,1,0,,,,,,,,86.0,,,223,177,32,10,0,10,,,,18,253,12,15,16,,,,,,,"local","1,3,4"
2020-04-06,2020-04-28T17:15:00.000+02:00,2988,2478,492,77,94,33,0.83434,0.16566,0.4973,0.5027,,,46.0,2176,58,774,16,24551,21209,4493,972,1097,314,0.825189,0.174811,,,,,38,3,1,0,,,,,,,,86.0,,,231,180,35,10,0,10,,,,17,310,57,43,16,,,,,,,"local","1,2,3,4"
2020-04-07,2020-04-28T17:15:00.000+02:00,3075,2524,510,87,46,18,0.83191,0.16809,0.496,0.504,,,46.0,2038,-138,994,220,25654,21892,4681,1103,683,188,0.823844,0.176156,,,,,43,5,1,0,,,,,,,,86.0,,,231,179,34,10,0,10,,,,17,354,44,40,16,,,,,,,"local","1,2,3,4"
2020-04-08,2020-04-28T17:15:00.000+02:00,3155,2594,521,80,70,11,0.83274,0.16726,0.496,0.504,,,46.0,1931,-107,1178,184,27352,22650,4871,1698,758,190,0.823008,0.176992,,,,,46,3,1,0,,,,,,,84.0,87.0,,,220,189,30,10,0,10,,,,15,374,20,28,16,,,,,,,"local","1,2,3,4"
2020-04-09,2020-04-28T17:15:00.000+02:00,3226,2644,579,71,50,58,0.82035,0.17965,0.495,0.505,,,46.0,1843,-88,1336,158,27497,23211,5062,145,561,191,0.82096,0.17904,,,,,47,1,1,0,,,,,,,,87.0,,,234,185,32,10,0,10,,,,14,412,38,22,16,,,,,,,"local","1,2,3,4"
2020-04-10,2020-04-28T17:15:00.000+02:00,3274,2679,591,48,35,12,0.81927,0.18073,0.495,0.505,,,46.0,1655,-188,1568,232,28167,23724,5241,670,513,179,0.819057,0.180943,,,,,52,5,1,0,,,,,,,,87.0,,,210,186,33,10,0,10,,,,13,444,32,43,17,,,,,,,"local","1,2,3,4"
2020-04-11,2020-04-28T17:15:00.000+02:00,3286,2685,596,12,6,5,0.81835,0.18165,0.495,0.505,,,46.0,1482,-173,1748,180,28544,23873,5292,377,149,51,0.81855,0.18145,,,,,56,4,1,0,,,,,,,,85.0,,,214,172,31,10,0,10,,,,13,465,21,35,16,,,,,,,"local","1,2,3,4"
2020-04-12,2020-04-28T17:15:00.000+02:00,3305,2694,598,19,9,2,0.81835,0.18165,0.495,0.505,,,46.0,1378,-104,1867,119,28710,24000,5315,166,127,23,0.818694,0.181306,,,,,60,4,1,0,,,,,,,,85.0,,,211,183,33,10,0,10,,,,13,467,2,7,15,,,,,,,"local","1,2,3,4"
2020-04-13,2020-04-28T17:15:00.000+02:00,3308,2707,600,3,13,2,0.81857,0.18143,0.495,0.505,,,46.0,1340,-38,1905,38,28767,24177,5346,57,177,31,0.818921,0.181079,,,,,63,3,1,0,,,,,,,,85.0,,,192,161,31,9,0,9,,,,11,486,19,17,15,,,,,,,"local","1,2,3,4"
2020-04-14,2020-04-28T17:15:00.000+02:00,3383,2760,613,75,53,13,0.81826,0.18174,0.495,0.505,,,46.0,1246,-94,2069,164,30237,25060,5663,1470,883,317,0.815676,0.184324,,,,,68,5,1,0,,,,,,,,84.0,,,191,163,33,9,0,9,,,,10,526,40,21,16,,,,,,,"local","1,2,3,4"
2020-04-15,2020-04-28T17:15:00.000+02:00,3433,2830,614,50,70,1,0.82172,0.17828,0.494,0.506,,,46.0,1181,-65,2184,115,31019,25797,5863,782,737,200,0.814814,0.185186,,,,,68,0,1,0,0.65,,0.43,0.57,,,83.0,85.0,53.0,96.0,205,144,35,9,0,9,,,,10,552,26,38,16,,,,,,,"local","1,2,3,4"
2020-04-16,2020-04-28T17:15:00.000+02:00,3477,2858,622,44,28,8,0.82126,0.17874,0.495,0.505,,,46.0,1042,-139,2367,183,31897,26395,5999,878,598,136,0.814811,0.185189,,,,,68,0,1,0,0.671,,0.443,0.557,,,,84.5,,,178,157,29,9,0,9,,,,11,579,27,21,17,,,,,,,"local","1,2,3,4"
2020-04-17,2020-04-28T17:15:00.000+02:00,3532,2907,630,55,49,8,0.82188,0.17812,0.493,0.507,,,46.0,973,-69,2488,121,32840,27102,6150,943,707,151,0.815049,0.184951,,,,,71,3,1,0,0.671,,0.443,0.557,,,,84.5,,,180,141,32,9,0,9,,,,11,601,22,22,16,,,,,,,"local","1,2,3,4"
2020-04-18,2020-04-28T17:15:00.000+02:00,3551,2917,633,19,10,3,0.82169,0.17831,0.493,0.507,,,46.0,873,-100,2605,117,33402,27429,6237,562,327,87,0.814739,0.185261,,,,,73,2,1,0,0.6,,0.467,0.533,,,,85.0,,,181,152,31,9,0,9,,,,10,627,26,24,16,,,,,,,"local","1,2,3,4"
2020-04-19,2020-04-28T17:15:00.000+02:00,3559,2921,637,8,4,4,0.82097,0.17903,0.493,0.507,,,46.0,809,-64,2676,71,33486,27532,6266,84,103,29,0.814604,0.185396,,,,,74,1,1,0,0.68,,0.453,0.547,,,,85.0,,,185,148,32,8,0,8,,,,10,637,10,26,15,,,,,,,"local","1,3,4"
2020-04-20,2020-04-28T17:15:00.000+02:00,3590,2951,667,31,30,30,0.81564,0.18436,0.491,0.509,,,46.0,792,-17,2722,46,34447,28380,6582,961,848,316,0.811738,0.188262,,,,,76,2,1,0,0.679,,0.449,0.551,,,83.0,85.0,,,185,149,32,7,0,7,,,,13,670,33,16,16,,,,,,,"local","1,2,3,4"
2020-04-21,2020-04-28T17:15:00.000+02:00,3638,2973,681,48,22,14,0.81363,0.18637,0.489,0.511,,,46.0,755,-37,2803,81,35348,29232,6855,901,852,273,0.810042,0.189958,,,,,80,4,1,0,0.654,,0.432,0.568,,,83.0,85.0,,,172,147,29,7,0,7,,,,12,711,41,34,14,,,,,,,"local","1,2,3,4"
2020-04-22,2020-04-28T17:15:00.000+02:00,3656,2979,686,18,6,5,0.81282,0.18718,0.489,0.511,,,46.0,692,-63,2884,81,36427,29836,7005,1079,604,150,0.809859,0.190141,,,,,80,0,1,0,0.659,,0.44,0.56,,,83.0,85.0,,,165,138,27,6,0,6,,,,11,728,17,27,14,,,,,,,"local","1,2,3,4"
2020-04-23,2020-04-28T17:15:00.000+02:00,3676,2998,697,20,19,11,0.81137,0.18863,0.49,0.51,,,46.0,631,-61,2962,78,37142,30414,7368,715,578,363,0.804987,0.195013,,,,,83,3,1,0,0.667,,0.453,0.547,,,83.0,85.0,,,163,138,25,5,0,5,,,,10,760,32,,13,,,,,,,"local","1,2,3,4"
2020-04-24,2020-04-28T17:15:00.000+02:00,3708,3007,704,32,9,7,0.81029,0.18971,0.49,0.51,,,46.0,583,-48,3027,65,37782,31067,7447,640,653,79,0.806642,0.193358,,,,,85,2,1,0,0.655,,0.442,0.558,,,84.0,85.0,,,163,137,26,5,0,5,,,,10,780,20,,13,,,,,,,"local","1,2,3,4"
2020-04-25,2020-04-28T17:15:00.000+02:00,3723,3017,706,15,10,2,0.81037,0.18963,0.49,0.51,,,46.0,539,-44,3085,58,38981,31452,7551,1199,385,104,0.8064,0.1936,,,,,86,1,1,0,0.667,,0.473,0.527,,,83.0,85.0,,,146,124,22,5,0,5,,,,9,788,8,,12,,,,,,,"local","2,3,4"
2020-04-26,2020-04-28T17:15:00.000+02:00,3729,3020,709,6,3,3,0.80987,0.19013,0.49,0.51,,,46.0,534,-5,3101,16,39052,31516,7589,71,64,38,0.805933,0.194067,,,,,88,2,1,0,0.674,,0.438,0.562,,,83.0,84.0,,,141,121,20,5,0,5,,,,9,790,2,,13,,,,,,,"local","3,4"
2020-04-27,2020-04-28T17:55:00.000+02:00,3741,3034,707,12,14,-2,0.81101,0.18899,0.49,0.51,,,46.0,531,-3,3121,20,39741,31954,7787,689,438,198,0.804056,0.195944,,,,,89,1,1,0,0.663,,0.438,0.562,,,83.0,84.5,,,131,112,19,5,0,5,,,,8,804,14,,11,,,,,,,"local","4"
