"date","date_published","spatial_unit","cases","cases_new","cases_residents","cases_residents_new","cases_nonresidents","cases_nonresidents_new","cases_diagnostic","cases_diagnostic_new","cases_diagnostic_residents","cases_diagnostic_residents_new","cases_diagnostic_nonresidents","cases_diagnostic_nonresidents_new","cases_lst","cases_lst_new","cases_lst_residents","cases_lst_residents_new","cases_lst_nonresidents","cases_lst_nonresidents_new","cases_airport","cases_airport_new","cases_airport_residents","cases_airport_residents_new","cases_airport_nonresidents","cases_airport_nonresidents_new","cases_tracing","cases_tracing_new","cases_tracing_residents","cases_tracing_residents_new","cases_tracing_nonresidents","cases_tracing_nonresidents_new","cases_residents_prop","cases_nonresidents_prop","cases_sex_f_prop","cases_sex_m_prop","cases_sex_x_prop","cases_sex_u_prop","cases_age_mean","tests","tests_new","tests_residents","tests_residents_new","tests_nonresidents","tests_nonresidents_new","tests_diagnostic","tests_diagnostic_new","tests_diagnostic_residents","tests_diagnostic_residents_new","tests_diagnostic_nonresidents","tests_diagnostic_nonresidents_new","tests_lst","tests_lst_new","tests_lst_residents","tests_lst_residents_new","tests_lst_nonresidents","tests_lst_nonresidents_new","tests_airport","tests_airport_new","tests_airport_residents","tests_airport_residents_new","tests_airport_nonresidents","tests_airport_nonresidents_new","tests_tracing","tests_tracing_new","tests_tracing_residents","tests_tracing_residents_new","tests_tracing_nonresidents","tests_tracing_nonresidents_new","tests_residents_prop","tests_nonresidents_prop","tests_sex_f_prop","tests_sex_m_prop","tests_sex_x_prop","tests_sex_u_prop","tests_age_mean","tests_prop_positive","tested","tested_new","tested_residents","tested_residents_new","tested_nonresidents","tested_nonresidents_new","tested_residents_prop","tested_nonresidents_prop","tested_sex_f_prop","tested_sex_m_prop","tested_sex_x_prop","tested_sex_u_prop","deaths","deaths_new","deaths_transfer","deaths_transfer_new","deaths_hospital_prop","deaths_nonhospital_prop","deaths_sex_f_prop","deaths_sex_m_prop","deaths_sex_x_prop","deaths_sex_u_prop","deaths_age_mean","deaths_age_median","deaths_age_min","deaths_age_max","hospital_total","hospital_total_change","hospital_normal","hospital_normal_change","hospital_intensive","hospital_intensive_change","hospital_total_transfer","hospital_total_transfer_change","hospital_normal_transfer","hospital_normal_transfer_change","hospital_intensive_transfer","hospital_intensive_transfer_change","hospital_admissions","hospital_admissions_new","hospital_admissions_new_all","hospital_discharges","hospital_discharges_new","hospital_discharges_new_all","active","active_change","recovered","recovered_new","reproduction_number_effective","reproduction_number_effective_low","reproduction_number_effective_high","reproduction_number","reproduction_number_low","reproduction_number_high","state","flags"
2020-02-24,2020-04-23T17:30:00.000+02:00,,0,0,,,,,,,,,,,,,,,,,,,,,,,,,,,,,,,,,,,,,,,,,,,,,,,,,,,,,,,,,,,,,,,,,,,,,,,,,,2,2,,,,,,,,,,,0,0,,,,,,,,,,,,,,,0,0,,,,,,,,,,,,,,0,,,,,,,,,,,,""
2020-02-25,2020-04-23T17:30:00.000+02:00,,0,0,,,,,,,,,,,,,,,,,,,,,,,,,,,,,,,,,,,,,,,,,,,,,,,,,,,,,,,,,,,,,,,,,,,,,,,,,,9,7,,,,,,,,,,,0,0,,,,,,,,,,,,,,,0,0,,,,,,,,,,,,,,0,,,,,,,,,,,,""
2020-02-26,2020-04-23T17:30:00.000+02:00,,0,0,,,,,,,,,,,,,,,,,,,,,,,,,,,,,,,,,,,,,,,,,,,,,,,,,,,,,,,,,,,,,,,,,,,,,,,,,,11,2,,,,,,,,,,,0,0,,,,,,,,,,,,,,,0,0,,,,,,,,,,,,,,0,,,,,,,,,,,,""
2020-02-27,2020-04-23T17:30:00.000+02:00,,0,0,,,,,,,,,,,,,,,,,,,,,,,,,,,,,,,,,,,,,,,,,,,,,,,,,,,,,,,,,,,,,,,,,,,,,,,,,,12,1,,,,,,,,,,,0,0,,,,,,,,,,,,,,,0,0,,,,,,,,,,,,,,0,,,,,,,,,,,,""
2020-02-28,2020-04-23T17:30:00.000+02:00,,0,0,,,,,,,,,,,,,,,,,,,,,,,,,,,,,,,,,,,,,,,,,,,,,,,,,,,,,,,,,,,,,,,,,,,,,,,,,,19,7,,,,,,,,,,,0,0,,,,,,,,,,,,,,,0,0,,,,,,,,,,,,,,0,,,,,,,,,,,,""
2020-02-29,2020-04-23T17:30:00.000+02:00,,0,0,,,,,,,,,,,,,,,,,,,,,,,,,,,,,,,,,,,,,,,,,,,,,,,,,,,,,,,,,,,,,,,,,,,,,,,,,,19,0,,,,,,,,,,,0,0,,,,,,,,,,,,,,,0,0,,,,,,,,,,,,0,,0,1,,0,,,,,,,,"import",""
2020-03-01,2020-04-23T17:30:00.000+02:00,,0,0,,,,,,,,,,,,,,,,,,,,,,,,,,,,,,,,,,,,,,,,,,,,,,,,,,,,,,,,,,,,,,,,,,,,,,,,,,19,0,,,,,,,,,,,0,0,,,,,,,,,,,,,,,0,0,,,,,,,,,,,,,,0,,,,,,,,,,,,""
2020-03-02,2020-04-23T17:30:00.000+02:00,,0,0,,,,,,,,,,,,,,,,,,,,,,,,,,,,,,,,,,,,,,,,,,,,,,,,,,,,,,,,,,,,,,,,,,,,,,,,,,26,7,,,,,,,,,,,0,0,,,,,,,,,,,,,,,0,0,,,,,,,,,,,,,,0,,,,,,,,,,,,""
2020-03-03,2020-04-23T17:30:00.000+02:00,,0,0,,,,,,,,,,,,,,,,,,,,,,,,,,,,,,,,,,,,,,,,,,,,,,,,,,,,,,,,,,,,,,,,,,,,,,,,,,30,4,,,,,,,,,,,0,0,,,,,,,,,,,,,,,0,0,,,,,,,,,,,,,,0,,,,,,,,,,,,""
2020-03-04,2020-04-23T17:30:00.000+02:00,,0,0,,,,,,,,,,,,,,,,,,,,,,,,,,,,,,,,,,,,,,,,,,,,,,,,,,,,,,,,,,,,,,,,,,,,,,,,,,35,5,,,,,,,,,,,0,0,,,,,,,,,,,,,,,0,0,,,,,,,,,,,,,,0,,,,,,,,,,,"import",""
2020-03-05,2020-04-23T17:30:00.000+02:00,,0,0,,,,,,,,,,,,,,,,,,,,,,,,,,,,,,,,,,,,,,,,,,,,,,,,,,,,,,,,,,,,,,,,,,,,,,,,,,35,0,,,,,,,,,,,0,0,,,,,,,,,,,,,,,0,0,,,,,,,,,,,,,,0,,,,,,,,,,,"import",""
2020-03-06,2020-04-23T17:30:00.000+02:00,,0,0,,,,,,,,,,,,,,,,,,,,,,,,,,,,,,,,,,,,,,,,,,,,,,,,,,,,,,,,,,,,,,,,,,,,,,,,,,43,8,,,,,,,,,,,0,0,,,,,,,,,,,,,,,0,0,,,,,,,,,,,,,,0,,,,,,,,,,,"import",""
2020-03-07,2020-04-23T17:30:00.000+02:00,,1,1,,,,,,,,,,,,,,,,,,,,,,,,,,,,,,,,,,,,,,,,,,,,,,,,,,,,,,,,,,,,,,,,,,,,,,,,,,49,6,,,,,,,,,,,0,0,,,,,,,,,,,,,,,0,0,,,,,,,,,,,,,,0,,,,,,,,,,,"import",""
2020-03-08,2020-04-23T17:30:00.000+02:00,,1,0,,,,,,,,,,,,,,,,,,,,,,,,,,,,,,,,,,,,,,,,,,,,,,,,,,,,,,,,,,,,,,,,,,,,,,,,,,65,16,,,,,,,,,,,0,0,,,,,,,,,,,,,,,0,0,,,,,,,,,,,,,,0,,,,,,,,,,,,""
2020-03-09,2020-04-23T17:30:00.000+02:00,,1,0,,,,,,,,,,,,,,,,,,,,,,,,,,,,,,,,,,,,,,,,,,,,,,,,,,,,,,,,,,,,,,,,,,,,,,,,,,65,0,,,,,,,,,,,0,0,,,,,,,,,,,,,,,0,0,,,,,,,,,,,,,,0,,,,,,,,,,,"import",""
2020-03-10,2020-04-23T17:30:00.000+02:00,,1,0,,,,,,,,,,,,,,,,,,,,,,,,,,,,,,,,,,,,,,,,,,,,,,,,,,,,,,,,,,,,,,,,,,,,,,,,,,90,25,,,,,,,,,,,0,0,,,,,,,,,,,,,,,0,0,,,,,,,,,,,,,,0,,,,,,,,,,,,""
2020-03-11,2020-04-23T17:30:00.000+02:00,,3,2,,,,,,,,,,,,,,,,,,,,,,,,,,,,,,,,,,,,,400,,,,,,,,,,,,,,,,,,,,,,,,,,,,,,,,,,,,,140,50,,,,,,,,,,,0,0,,,,,,,,,,,,,,,0,0,,,,,,,,,,,,,,0,,,,,,,,,,,"local",""
2020-03-12,2020-04-23T17:30:00.000+02:00,,18,15,,,,,,,,,,,,,,,,,,,,,,,,,,,,,,,,,,,,,500,,,,,,,,,,,,,,,,,,,,,,,,,,,,,,,,,,,,,334,194,,,,,,,,,,,0,0,,,,,,,,,,,,,,,0,0,,,,,,,,,,,,,,0,,,,,,,,,,,"local",""
2020-03-13,2020-04-23T17:30:00.000+02:00,,42,24,,,,,,,,,,,,,,,,,,,,,,,,,,,,,,,,,,,,,,,,,,,,,,,,,,,,,,,,,,,,,,,,,,,,,,,,,,528,194,,,,,,,,,,,0,0,,,,,,,,,,,,,,,0,0,,,,,,,,,,,,,,0,,,,,,,,,,,"local",""
2020-03-14,2020-04-23T17:30:00.000+02:00,,63,21,,,,,,,,,,,,,,,,,,,,,,,,,,,,,,,,,,,,,,,,,,,,,,,,,,,,,,,,,,,,,,,,,,,,,,,,,,631,103,,,,,,,,,,,0,0,,,,,,,,,,,,,,,0,0,,,,,,,,,,,,,,0,,,,,,,,,,,"local",""
2020-03-15,2020-04-23T17:30:00.000+02:00,,63,0,,,,,,,,,,,,,,,,,,,,,,,,,,,,,,,,,,,,,,,,,,,,,,,,,,,,,,,,,,,,,,,,,,,,,,,,,,655,24,,,,,,,,,,,0,0,,,,,,,,,,,,,9,,0,0,1,,,,,,-1,,,,,,,0,,,,,,,,,,,"local",""
2020-03-16,2020-04-21T17:15:00.000+02:00,,97,34,,,,,,,,,,,,,,,,,,,,,,,,,,,,,,,,,,,,,,,,,,,,,,,,,,,,,,,,,,,,,,,,,,,,,,,,,,1065,410,,,,,,,,,,,0,0,,,,,,,,,,,,,,,0,0,,,,,0,,,,,,,,,0,,,,,,,,,,,"local",""
2020-03-17,2020-04-23T17:15:00.000+02:00,,221,124,,,,,,,,,,,,,,,,,,,,,,,,,,,,,,,,,,,,1672,,,,,,,,,,,,,,,,,,,,,,,,,,,,,,,,,,,,,,1667,602,,,,,,,,,,,0,0,,,,,,,,,,,,,,,0,0,,,,,0,0,,,,,,,,0,,,,,,,,,,,"local",""
2020-03-18,2020-04-23T17:15:00.000+02:00,,379,158,,,,,,,,,,,,,,,,,,,,,,,,,,,,,,,,,,,,2570,898,,,,,,,,,,,,,,,,,,,,,,,,,,,,,,,,,,,,,2569,902,,,,,,,,,,,0,0,,,,,,,,,,,,,14,,0,0,4,,-14,,0,0,-4,,,,,6,,0,,,6,,,,,,,,"local",""
2020-03-19,2020-04-23T17:15:00.000+02:00,,522,143,,,,,,,,,,,,,,,,,,,,,,,,,,,,,,,,,,,,3507,937,,,,,,,,,,,,,,,,,,,,,,,,,,,,,,,,,,,,,3507,938,,,,,,,,,,,0,0,,,,,,,,,,,,,19,5,1,1,3,-1,-18,-4,0,0,-3,1,,,,,,0,,,,,,,,,,,"local",""
2020-03-20,2020-04-23T17:30:00.000+02:00,,697,175,,,,,,,,,,,,,,,,,,,,,,,,,,,,,,,,,,,,4571,1064,,,,,,,,,,,,,,,,,,,,,,,,,,,,,,,,,,,,,4572,1065,,,,,,,,,,,1,1,,,,,,,,,,,,,29,10,18,17,3,0,-8,10,0,0,0,3,,,,,,0,,,,,,,,,,,"local",""
2020-03-21,2020-04-23T17:30:00.000+02:00,,824,127,,,,,,,,,,,,,,,,,,,,,,,,,,,,,,,,,,,,5015,444,,,,,,,,,,,,,,,,,,,,,,,,,,,,,,,,,,,,,5017,445,,,,,,,,,,,7,6,,,,,,,,,,,,,93,64,56,38,5,2,-31,-23,0,0,1,1,,,,,,8,,,,,,,,,,,"local",""
2020-03-22,2020-04-23T17:15:00.000+02:00,,845,21,,,,,,,,,,,,,,,,,,,,,,,,,,,,,,,,,,,,5032,17,,,,,,,,,,,,,,,,,,,,,,,,,,,,,,,,,,,,,5033,16,,,,,,,,,,,7,0,,,,,,,,,,,,,,,63,7,,,,,0,0,,,,,,,,0,,,,,,,,,,,"local",""
2020-03-23,2020-04-23T17:15:00.000+02:00,,1087,242,,,,,,,,,,,,,,,,,,,,,,,,,,,,,,,,,,,,6163,1131,,,,,,,,,,,,,,,,,,,,,,,,,,,,,,,,,,,,,6162,1129,,,,,,,,,,,7,0,,,,,,,,,,,,,,,71,8,,,,,0,0,,,,,,,,2,,,,,,,,,,,"local",""
2020-03-24,2020-04-23T17:15:00.000+02:00,,1281,194,,,,,,,,,,,,,,,,,,,,,,,,,,,,,,,,,,,,7083,920,,,,,,,,,,,,,,,,,,,,,,,,,,,,,,,,,,,,,7081,919,,,,,,,,,,,7,0,,,,,,,,,,,,,143,,97,26,21,,-37,,0,0,-12,,,,,,,4,,,,,,,,,,,"local",""
2020-03-25,2020-04-23T17:15:00.000+02:00,,1451,170,,,,,,,,,,,,,,,,,,,,,,,,,,,,,,,,,,,,8024,941,,,,,,,,,,,,,,,,,,,,,,,,,,,,,,,,,,,,,8023,942,,,,,,,,,,,9,2,,,,,,,,,,,,,,,128,31,,,,,0,0,,,,,,,,11,,,,,,,,,,,"local",""
2020-03-26,2020-04-23T17:15:00.000+02:00,,1714,263,,,,,,,,,,,,,,,,,,,,,,,,,,,,,,,0.46,0.54,,,46.0,13431,5407,,,,,,,,,,,,,,,,,,,,,,,,,,,,,,,,,,,,,13432,5409,,,,,,,,,,,8,-1,,,,,,,,,80.0,,53.0,,148,,120,-8,25,,-2,,0,0,1,,,,,40,,14,,,40,,,,,,,,"local",""
2020-03-27,2020-04-23T17:15:00.000+02:00,,1910,196,,,,,,,,,,,,,,,,,,,,,,,,,,,,,,,,,,,,14623,1192,,,,,,,,,,,,,,,,,,,,,,,,,,,,,,,,,,,,,14624,1192,,,,,,,,,,,13,5,,,,,,,,,,,,,,,128,8,,,,,0,0,,,,,,,,13,,,,,,,,,,,"local",""
2020-03-28,2020-04-23T17:15:00.000+02:00,,2037,127,,,,,,,,,,,,,,,,,,,,,,,,,,,,,,,,,,,,15568,945,,,,,,,,,,,,,,,,,,,,,,,,,,,,,,,,,,,,,15569,945,,,,,,,,,,,14,1,,,,,,,,,,,,,,,152,24,,,,,0,0,,,,,,,,9,,,,,,,,,,,"local",""
2020-03-29,2020-04-23T17:15:00.000+02:00,,2081,44,1733,,255,,,,,,,,,,,,,,,,,,,,,,,,,,0.87173,0.12827,,,,,,15873,305,,,,,,,,,,,,,,,,,,,,,,,,,,,,,,,,,,,,,15874,305,,,,,,,,,,,21,7,,,,,,,,,,,,,202,,160,8,31,,-15,,0,0,-4,,,,,80,,13,,,80,,,,,,,,"local","1"
2020-03-30,2020-04-23T17:15:00.000+02:00,,2252,171,1883,150,295,40,,,,,,,,,,,,,,,,,,,,,,,,,0.86455,0.13545,,,,,,17031,1158,,,,,,,,,,,,,,,,,,,,,,,,,,,,,,,,,,,,,17032,1158,,,,,,,,,,,22,1,,,,,,,,,,,,,,,156,-4,,,,,0,0,,,,,,,,4,,,,,,,,,,,"local","1,2"
2020-03-31,2020-04-23T17:15:00.000+02:00,,2364,112,1992,109,327,32,,,,,,,,,,,,,,,,,,,,,,,,,0.85899,0.14101,,,,,,18115,1084,,,,,,,,,,,,,,,,,,,,,,,,,,,,,,,,,,,,,18116,1084,,,,,,,,,,,22,0,,,,,,,,,,,,,,,163,7,,,,,0,0,,,,,,,,21,,,,,,,,,,,"local","1,2"
2020-04-01,2020-04-23T17:15:00.000+02:00,,2555,191,2099,107,388,61,,,,,,,,,,,,,,,,,,,,,,,,,0.84399,0.15601,,,,,,19481,1366,,,,,,,,,,,,,,,,,,,,,,,,,,,,,,,,,,,,,19482,1366,,,,,,,,,,,26,4,,,,,,,,,,,,,,,166,3,,,,,0,0,,,,,,,,26,,,,,,,,,,,"local","1,2"
2020-04-02,2020-04-23T17:15:00.000+02:00,,2684,129,2201,102,411,23,,,,,,,,,,,,,,,,,,,,,,,,,0.84265,0.15735,0.49,0.51,,,46.0,20877,1396,17925,,3538,,,,,,,,,,,,,,,,,,,,,,,,,,0.835158,0.164842,,,,,,,20878,1396,17925,,3538,,0.835158,0.164842,,,,,28,2,1,,,,,,,,,86.0,,,232,,184,18,33,,10,,0,0,10,,,,,174,,31,,,500,,,,,,,,"local","1,2,5,3"
2020-04-03,2020-04-21T17:15:00.000+02:00,,2801,117,2291,90,438,27,,,,,,,,,,,,,,,,,,,,,,,,,0.8395,0.1605,0.49,0.51,,,46.0,22804,1927,18966,1041,3827,289,,,,,,,,,,,,,,,,,,,,,,,,,0.832098,0.167902,,,,,,,22188,1310,18966,1041,3827,289,0.832098,0.167902,,,,,28,0,1,0,,,,,,,,86.0,,,230,-2,183,-1,35,2,10,0,0,0,10,0,,,,190,16,32,,,,,,,,,,,"local","1,5,6,3,4"
2020-04-04,2020-04-23T17:15:00.000+02:00,,2872,71,2351,60,453,15,,,,,,,,,,,,,,,,,,,,,,,,,0.83845,0.16155,0.49,0.51,,,46.0,23042,238,19689,723,3998,171,,,,,,,,,,,,,,,,,,,,,,,,,0.831215,0.168785,,,,,,,23043,855,19689,723,3998,171,0.831215,0.168785,,,,,29,1,1,0,,,,,,,,86.0,,,233,3,190,7,33,-2,10,0,0,0,10,0,,,,241,51,44,,,,,,,,,,,"local","1,2,5,6,3,4"
2020-04-05,2020-04-23T17:15:00.000+02:00,,2911,39,2384,33,459,6,,,,,,,,,,,,,,,,,,,,,,,,,0.83855,0.16145,0.49,0.51,,,46.0,23655,613,20112,423,4179,181,,,,,,,,,,,,,,,,,,,,,,,,,0.827961,0.172039,,,,,,,23656,613,20112,423,4179,181,0.827961,0.172039,,,,,35,6,1,0,,,,,,,,86.0,,,223,-10,177,-13,32,-1,10,0,0,0,10,0,,,,253,12,15,,,,,,,,,,,"local","1,5,6,3,4"
2020-04-06,2020-04-23T17:15:00.000+02:00,,2988,77,2478,94,492,33,,,,,,,,,,,,,,,,,,,,,,,,,0.83434,0.16566,0.4973,0.5027,,,46.0,24664,1009,21209,1097,4493,314,,,,,,,,,,,,,,,,,,,,,,,,,0.825189,0.174811,,,,,,,24665,1009,21209,1097,4493,314,0.825189,0.174811,,,,,38,3,1,0,,,,,,,,86.0,,,231,8,180,3,35,3,10,0,0,0,10,0,,,,310,57,43,,,,,,,,,,,"local","1,2,5,6,3,4"
2020-04-07,2020-04-23T17:15:00.000+02:00,,3075,87,2524,46,510,18,,,,,,,,,,,,,,,,,,,,,,,,,0.83191,0.16809,0.496,0.504,,,46.0,25775,1111,21892,683,4681,188,,,,,,,,,,,,,,,,,,,,,,,,,0.823844,0.176156,,,,,,,25780,1115,21892,683,4681,188,0.823844,0.176156,,,,,43,5,1,0,,,,,,,,86.0,,,231,0,179,-1,34,-1,10,0,0,0,10,0,,,,354,44,40,,,,,,,,,,,"local","1,2,5,6,3,4"
2020-04-08,2020-04-21T17:15:00.000+02:00,,3155,80,2594,70,521,11,,,,,,,,,,,,,,,,,,,,,,,,,0.83274,0.16726,0.496,0.504,,,46.0,27352,1577,22650,758,4871,190,,,,,,,,,,,,,,,,,,,,,,,,,0.823008,0.176992,,,,,,,26780,1000,22650,758,4871,190,0.823008,0.176992,,,,,46,3,1,0,,,,,,,84.0,87.0,,,220,-11,189,10,30,-4,10,0,0,0,10,0,,,,374,20,28,,,,,,,,,,,"local","1,2,5,6,3,4"
2020-04-09,2020-04-23T17:15:00.000+02:00,,3226,71,2644,50,579,58,,,,,,,,,,,,,,,,,,,,,,,,,0.82035,0.17965,0.495,0.505,,,46.0,27639,287,23211,561,5062,191,,,,,,,,,,,,,,,,,,,,,,,,,0.82096,0.17904,,,,,,,27640,860,23211,561,5062,191,0.82096,0.17904,,,,,47,1,1,0,,,,,,,,87.0,,,234,14,185,-4,32,2,10,0,0,0,10,0,,,,412,38,22,,,,,,,,,,,"local","1,2,5,6,3,4"
2020-04-10,2020-04-23T17:15:00.000+02:00,,3274,48,2679,35,591,12,,,,,,,,,,,,,,,,,,,,,,,,,0.81927,0.18073,0.495,0.505,,,46.0,28317,678,23724,513,5241,179,,,,,,,,,,,,,,,,,,,,,,,,,0.819057,0.180943,,,,,,,28318,678,23724,513,5241,179,0.819057,0.180943,,,,,52,5,1,0,,,,,,,,87.0,,,210,-24,186,1,33,1,10,0,0,0,10,0,,,,444,32,43,,,,,,,,,,,"local","1,2,5,6,3,4"
2020-04-11,2020-04-23T17:15:00.000+02:00,,3286,12,2685,6,596,5,,,,,,,,,,,,,,,,,,,,,,,,,0.81835,0.18165,0.495,0.505,,,46.0,28650,333,23873,149,5292,51,,,,,,,,,,,,,,,,,,,,,,,,,0.81855,0.18145,,,,,,,28651,333,23873,149,5292,51,0.81855,0.18145,,,,,56,4,1,0,,,,,,,,85.0,,,214,4,172,-14,31,-2,10,0,0,0,10,0,,,,465,21,35,,,,,,,,,,,"local","1,2,5,6,3,4"
2020-04-12,2020-04-23T17:15:00.000+02:00,,3305,19,2694,9,598,2,,,,,,,,,,,,,,,,,,,,,,,,,0.81835,0.18165,0.495,0.505,,,46.0,28864,214,24000,127,5315,23,,,,,,,,,,,,,,,,,,,,,,,,,0.818694,0.181306,,,,,,,28865,214,24000,127,5315,23,0.818694,0.181306,,,,,60,4,1,0,,,,,,,,85.0,,,211,-3,183,11,33,2,10,0,0,0,10,0,,,,467,2,7,,,,,,,,,,,"local","1,2,5,6,3,4"
2020-04-13,2020-04-23T17:15:00.000+02:00,,3308,3,2707,13,600,2,,,,,,,,,,,,,,,,,,,,,,,,,0.81857,0.18143,0.495,0.505,,,46.0,28922,58,24177,177,5346,31,,,,,,,,,,,,,,,,,,,,,,,,,0.818921,0.181079,,,,,,,28923,58,24177,177,5346,31,0.818921,0.181079,,,,,63,3,1,0,,,,,,,,85.0,,,192,-19,161,-22,31,-2,9,-1,0,0,9,-1,,,,486,19,17,,,,,,,,,,,"local","1,2,5,6,3,4"
2020-04-14,2020-04-23T17:15:00.000+02:00,,3383,75,2760,53,613,13,,,,,,,,,,,,,,,,,,,,,,,,,0.81826,0.18174,0.495,0.505,,,46.0,30383,1461,25060,883,5663,317,,,,,,,,,,,,,,,,,,,,,,,,,0.815676,0.184324,,,,,,,30349,1426,25060,883,5663,317,0.815676,0.184324,,,,,68,5,1,0,,,,,,,,84.0,,,191,-1,163,2,33,2,9,0,0,0,9,0,,,,526,40,21,,,,,,,,,,,"local","1,2,5,6,3,4"
2020-04-15,2020-04-23T17:15:00.000+02:00,,3433,50,2830,70,614,1,,,,,,,,,,,,,,,,,,,,,,,,,0.82172,0.17828,0.494,0.506,,,46.0,31180,797,25797,737,5863,200,,,,,,,,,,,,,,,,,,,,,,,,,0.814814,0.185186,,,,,,,31181,832,,,,,,,,,,,68,0,1,0,0.65,,0.43,0.57,,,83.0,85.0,53.0,96.0,205,14,144,-19,35,2,9,0,0,0,9,0,,,,552,26,38,,,,,,,,,,,"local","1,2,5,6"
2020-04-16,2020-04-23T17:15:00.000+02:00,,3477,44,2858,28,622,8,,,,,,,,,,,,,,,,,,,,,,,,,0.82126,0.17874,0.495,0.505,,,46.0,32058,878,26395,598,5999,136,,,,,,,,,,,,,,,,,,,,,,,,,0.814811,0.185189,,,,,,,32059,878,26395,,5999,,0.814811,0.185189,,,,,68,0,1,0,0.671,,0.443,0.557,,,,84.5,,,178,-27,157,13,29,-6,9,0,0,0,9,0,,,,579,27,21,,,,,,,,,,,"local","1,2,5,6,3"
2020-04-17,2020-04-23T17:15:00.000+02:00,,3532,55,2907,49,630,8,,,,,,,,,,,,,,,,,,,,,,,,,0.82188,0.17812,0.493,0.507,,,46.0,33000,942,27102,707,6150,151,,,,,,,,,,,,,,,,,,,,,,,,,0.815049,0.184951,,,,,,,33001,942,27102,707,6150,151,0.815049,0.184951,,,,,71,3,1,0,0.671,,0.443,0.557,,,,84.5,,,180,2,141,-16,32,3,9,0,0,0,9,0,,,,601,22,22,,,,,,,,,,,"local","1,2,5,6,3,4"
2020-04-18,2020-04-23T17:15:00.000+02:00,,3551,19,2917,10,633,3,,,,,,,,,,,,,,,,,,,,,,,,,0.82169,0.17831,0.493,0.507,,,46.0,33512,512,27429,327,6237,87,,,,,,,,,,,,,,,,,,,,,,,,,0.814739,0.185261,,,,,,,33513,512,27429,327,6237,87,0.814739,0.185261,,,,,73,2,1,0,0.6,,0.467,0.533,,,,85.0,,,181,1,152,11,31,-1,9,0,0,0,9,0,,,,627,26,24,,,,,,,,,,,"local","1,2,5,6,3,4"
2020-04-19,2020-04-23T17:15:00.000+02:00,,3559,8,2921,4,637,4,,,,,,,,,,,,,,,,,,,,,,,,,0.82097,0.17903,0.493,0.507,,,46.0,33646,134,27532,103,6266,29,,,,,,,,,,,,,,,,,,,,,,,,,0.814604,0.185396,,,,,,,33647,134,27532,103,6266,29,0.814604,0.185396,,,,,74,1,1,0,0.68,,0.453,0.547,,,,85.0,,,185,4,148,-4,32,1,8,-1,0,0,8,-1,,,,637,10,26,,,,,,,,,,,"local","1,5,6,3,4"
2020-04-20,2020-04-23T17:15:00.000+02:00,,3590,31,2951,30,667,30,,,,,,,,,,,,,,,,,,,,,,,,,0.81564,0.18436,0.491,0.509,,,46.0,34643,997,28380,848,6582,316,,,,,,,,,,,,,,,,,,,,,,,,,0.811738,0.188262,,,,,,,34609,962,28380,848,6582,316,0.811738,0.188262,,,,,76,2,1,0,0.679,,0.449,0.551,,,83.0,85.0,,,185,0,149,1,32,0,7,-1,0,0,7,-1,,,,670,33,16,,,,,,,,,,,"local","1,2,5,6,3,4"
2020-04-21,2020-04-23T17:15:00.000+02:00,,3638,48,2973,22,681,14,,,,,,,,,,,,,,,,,,,,,,,,,0.81363,0.18637,0.489,0.511,,,46.0,35460,817,29232,852,6855,273,,,,,,,,,,,,,,,,,,,,,,,,,0.810042,0.189958,,,,,,,35461,852,29232,852,6855,273,0.810042,0.189958,,,,,80,4,1,0,0.654,,0.432,0.568,,,83.0,85.0,,,172,-13,147,-2,29,-3,7,0,0,0,7,0,,,,711,41,34,,,,,,,,,,,"local","1,2,5,6,3,4"
2020-04-22,2020-04-23T17:30:00.000+02:00,,3665,27,2979,6,686,5,,,,,,,,,,,,,,,,,,,,,,,,,0.81282,0.18718,0.489,0.511,,,46.0,36891,1431,29836,604,7005,150,,,,,,,,,,,,,,,,,,,,,,,,,0.809859,0.190141,,,,,,,36891,1430,29836,604,7055,200,0.808761,0.191239,,,,,83,3,1,0,0.659,,0.44,0.56,,,83.0,85.0,,,165,-7,138,-9,27,-2,6,-1,0,0,6,-1,,,,728,17,27,,,,,,,,,,,"local","2,5,6,4"
2020-04-23,2020-04-23T17:15:00.000+02:00,,3674,9,,,,,,,,,,,,,,,,,,,,,,,,,,,,,,,,,,,,,,,,,,,,,,,,,,,,,,,,,,,,,,,,,,,,,,,,,,,,,,,,,,,,,,83,0,,,,,,,,,,,,,,,,,,,,,,,,,,,,,,,,,,,,,,,,,,""
